9000 
      46.9990443530 
      44.8904908497 
      49.9469539608 
      50.9073090605 
      45.9787487463 
      36.0305558049 
      36.4369390695 
      46.9969079004 
      44.0343650350 
      50.0587577803 
      09.3077685098 
      45.0655350780 
      48.8537977008 
      36.9467900780 
      50.5549030900 
      50.7399905496 
      49.9909407999 
      49.0784090850 
      45.3097934836 
      46.3746854078 
      40.5907065596 
      48.0383649997 
      59.9996868704 
      37.5946099009 
      36.4895465950 
      40.8455066387 
      59.7430965905 
      39.5040507975 
      39.8593095077 
      50.0590900703 
      50.5830457858 
      50.8303406705 
      48.5455944348 
      49.0675060807 
      45.3943774370 
      40.3538836006 
      50.7870834666 
      46.8394949897 
      39.9780935364 
      43.0650699793 
      49.3790745947 
      44.6857998847 
      46.7449606640 
      49.7899483055 
      49.6609935048 
      40.9456060940 
      49.9969047900 
      40.3800394453 
      09.8063874638 
      46.4349830690 
      47.5557768655 
      45.3496344648 
      37.8508504696 
      46.8043948363 
      35.0098300043 
      38.0938338769 
      43.9340076876 
      45.4386475350 
      43.5837093579 
      48.8096394655 
      50.3595979697 
      50.0937097083 
      48.0008475458 
      39.0654687340 
      40.7463469637 
      48.9450093936 
      44.4950054937 
      44.9999770609 
      38.7376077907 
      45.5604983766 
      37.0059390869 
      37.5379990045 
      46.4659060056 
      39.7800903769 
      40.7665050039 
      44.9348556094 
      34.9806055688 
      57.4907989057 
      50.0878930369 
      40.4955309803 
      30.9760650409 
      49.0044750079 
      46.9799534909 
      43.5855800959 
      46.9876090734 
      49.0807304979 
      43.8870393440 
      40.9647609360 
      44.0033075977 
      40.9434988608 
      37.9006079007 
      45.9499043000 
      46.0080739597 
      47.4303949307 
      53.6095900805 
      40.8337369500 
      46.3390997484 
      40.6748805493 
      49.0949036970 
      38.4509986574 
      49.8540990303 
      54.7037304688 
      47.8038509799 
      40.5090890099 
      46.9937959407 
      46.9979405765 
      43.7730088800 
      30.5463079399 
      49.3588609569 
      45.0894779470 
      46.4683483808 
      59.9900300908 
      43.6043939999 
      37.8939646630 
      43.3007090937 
      46.7084740789 
      47.4349389938 
      49.7486555806 
      49.4857408405 
      45.0608758069 
      34.3899509348 
      49.7085405559 
      44.0073960070 
      40.4570398396 
      49.6797309590 
      47.3049039768 
      37.0793880450 
      45.3300005089 
      48.3096775747 
      48.9760904504 
      45.9084996765 
      54.9037405039 
      40.8089977995 
      43.0596094396 
      48.4866697093 
      36.4304580004 
      40.8375969666 
      49.9906800980 
      36.6789455693 
      49.4676884379 
      49.0849096838 
      47.0964857760 
      48.6899030909 
      49.0990898703 
      45.0889969884 
      43.8607733495 
      45.0063060650 
      43.9546704908 
      47.5603006375 
      59.9945479890 
      37.7557980007 
      44.4998597033 
      49.8079704057 
      59.7059874670 
      49.0074083470 
      47.6390755639 
      45.7084393956 
      43.6006760000 
      46.9956067696 
      50.6060334864 
      59.9998780379 
      40.6493083409 
      40.7947737979 
      43.4049987937 
      49.7309097853 
      46.5073069769 
      50.8040840374 
      30.9044807095 
      38.9036836677 
      38.4330080050 
      44.0409084480 
      48.9737478877 
      48.4949034968 
      46.8657970094 
      49.7803698358 
      36.3990476004 
      44.7063550059 
      49.0933695093 
      36.0030364909 
      40.6038454890 
      45.6574850698 
      43.0536040735 
      59.8009539803 
      48.5959399900 
      36.0965775396 
      35.5796648945 
      49.6057054806 
      37.0694633006 
      40.3936054693 
      40.9063857090 
      47.7956047459 
      44.0785390555 
      45.3707307940 
      40.9596049948 
      50.5966904984 
      45.6657933098 
      46.3778065769 
      49.9305574609 
      49.8877349440 
      40.0003803000 
      43.4900365045 
      40.7843694365 
      37.5900830907 
      47.4954938694 
      44.9000398958 
      49.4044979707 
      45.9440987033 
      49.6569066803 
      38.5736778358 
      38.5573933979 
      46.9967338893 
      48.0580990060 
      49.8866049095 
      45.9890869993 
      37.9395358006 
      59.6005554909 
      47.6709676005 
      48.9589709798 
      44.3845496056 
      40.9074538406 
      47.8704407604 
      43.3609098498 
      54.3473006637 
      45.7393409596 
      45.8680009589 
      53.6540799095 
      48.0647499905 
      39.7609708065 
      40.6568908546 
      46.8700037069 
      38.0394535346 
      48.8786848475 
      47.8474600076 
      44.0440554475 
      40.4393635740 
      43.6800336593 
      43.9006938590 
      40.8509577080 
      43.7336360360 
      49.5908066070 
      47.8967986680 
      43.6709947908 
      48.8400973344 
      48.6646759499 
      40.3499509300 
      49.5470006974 
      40.6093559998 
      49.7049979833 
      34.0469093604 
      48.3309563505 
      43.0665990708 
      46.0450786036 
      44.8449480399 
      45.7944700779 
      45.0579350336 
      59.0969948696 
      47.0090354480 
      50.8000906963 
      38.0900909965 
      50.0690905933 
      43.0608867980 
      49.9680599558 
      47.0955709908 
      43.6480686494 
      45.0734695305 
      43.6795856960 
      39.6006730909 
      44.7699640300 
      35.9948609934 
      54.7860540990 
      38.5979563775 
      40.9807000799 
      59.0497356940 
      34.5694000479 
      47.0399064394 
      37.8789649803 
      53.3890804379 
      48.9483970630 
      35.9457799079 
      48.0506735480 
      43.6770870869 
      46.5903984698 
      46.0643800079 
      35.7090588046 
      47.8394999094 
      45.0436833997 
      38.7950039979 
      49.5583976637 
      40.9530604906 
      40.6683030055 
      37.0099547606 
      39.9593909753 
      47.4604904090 
      45.9596369380 
      44.0897094373 
      50.0566950849 
      43.7088906655 
      49.6859537648 
      49.4404958646 
      49.6083077464 
      40.6040695555 
      37.9565999973 
      43.3080435460 
      45.9965737989 
      39.7980769763 
      59.5597080889 
      07.8003680960 
      40.5089050999 
      48.5930945099 
      53.0086696004 
      38.3659069909 
      44.5790939650 
      50.9035300634 
      40.9879393900 
      38.3808538576 
      37.3956099940 
      39.6704799489 
      48.5695688897 
      48.9900569304 
      39.8809558900 
      50.5649039079 
      40.9049780608 
      48.0060554007 
      44.5077055330 
      49.6770899937 
      50.6744944890 
      39.9600706000 
      39.0870398736 
      49.9077679303 
      45.5034053709 
      49.9873450000 
      46.4565807000 
      57.8068690557 
      48.9998865038 
      45.0069948900 
      49.8773580049 
      44.4937659657 
      37.9909306993 
      44.3307659099 
      59.5675046963 
      37.9347309069 
      43.4946409947 
      59.9090006434 
      38.9306406459 
      44.5064340087 
      47.7960545750 
      48.3498044097 
      40.8848069069 
      57.4300595473 
      49.9975006906 
      40.0793009004 
      40.9333788889 
      40.8890990700 
      43.0308785488 
      48.0068568985 
      49.0389599009 
      38.9688893586 
      50.9889056987 
      46.5496969304 
      43.5009097836 
      49.0955007883 
      40.8999349435 
      46.0300978605 
      44.9895599003 
      50.6803939498 
      48.5049974593 
      46.0949504483 
      39.5956867988 
      33.7600996990 
      37.4670043994 
      49.4508954598 
      44.0438839977 
      45.4990344406 
      48.8449950700 
      40.3788003348 
      39.0909048996 
      46.0497769000 
      46.7808880630 
      59.0603360473 
      48.8493985097 
      38.8440384799 
      49.9740889940 
      44.0484860934 
      40.0694035447 
      38.0707080939 
      45.3097049093 
      39.9669636809 
      49.7694607080 
      49.0340609348 
      39.9947869947 
      44.7439484750 
      40.5905066945 
      45.6989430677 
      38.6843380985 
      59.9964898567 
      49.9343736044 
      45.4097859500 
      43.4380500390 
      48.5554400007 
      40.3005994053 
      47.0060683079 
      47.9564804997 
      43.9394089065 
      38.8439849805 
      59.0354333357 
      45.3000933560 
      50.9695033039 
      47.9603060660 
      40.8609009004 
      55.6940879990 
      44.6567578973 
      34.9075358408 
      54.0397897060 
      46.8994397390 
      46.0448967589 
      46.8990939455 
      49.9985999578 
      48.6000546930 
      50.9800989576 
      45.6388053859 
      40.0679943009 
      59.9903969560 
      49.8799378940 
      46.8468790368 
      45.9606696637 
      40.5040503779 
      50.8379358009 
      47.0863494073 
      09.6095805793 
      38.0804435850 
      49.3698998983 
      40.8740575800 
      46.7398933379 
      49.6380398090 
      48.0064969076 
      43.6458049650 
      47.0869870966 
      45.7660886988 
      49.9990007509 
      38.3050579359 
      37.6576074998 
      45.0588760909 
      43.7903900073 
      43.0595904795 
      46.0704853970 
      43.3009830640 
      49.6068958983 
      38.4706073908 
      39.7900099378 
      45.7994539849 
      50.9089474688 
      50.5803990403 
      46.3974589089 
      44.0390034946 
      40.3693403808 
      45.9734394349 
      43.8869047698 
      49.3499987953 
      48.9557979340 
      44.0560004368 
      33.7693990980 
      50.6805437865 
      43.7007930080 
      47.9955999895 
      47.7066930038 
      46.3890547390 
      40.9577409083 
      49.3955836495 
      49.8405758869 
      40.8947946096 
      46.5989063833 
      44.9837960930 
      09.7774689036 
      46.9598573466 
      46.4668083943 
      50.7074946998 
      39.0307900844 
      47.0534503843 
      08.3079635950 
      53.9709736690 
      43.0469997897 
      49.9353666969 
      45.8750767480 
      40.0003993097 
      45.9944998730 
      44.3060600300 
      49.7054853965 
      44.9439776080 
      40.6070970579 
      43.6483503367 
      37.5604855705 
      46.5900780750 
      49.9968887097 
      45.0960489494 
      40.9780866666 
      49.3993699780 
      33.8774896940 
      54.6979644599 
      50.5040675909 
      33.9993859335 
      47.9940678079 
      49.5869789009 
      54.3946659379 
      45.4049409963 
      40.5963844606 
      49.6693068565 
      45.0039006890 
      59.0975703490 
      39.0680559866 
      49.5730873890 
      48.0543699059 
      39.7908937750 
      36.3609580689 
      43.4800977066 
      36.5695330778 
      45.9994053057 
      46.0509344743 
      48.6934883464 
      53.5688059574 
      40.8044904096 
      48.0634980984 
      44.6996897834 
      45.3003678767 
      07.8468505983 
      45.6070060703 
      46.9854908890 
      39.7748963368 
      49.8860776664 
      49.9000097595 
      49.7384764740 
      49.3874009444 
      45.9509456954 
      37.7077060609 
      46.0986647370 
      45.6409390098 
      40.9009783906 
      39.6847870967 
      34.0989940060 
      59.9366040730 
      36.3009999807 
      44.6095888407 
      47.3007785304 
      49.0790630049 
      48.9836300743 
      40.5509469079 
      50.9506695969 
      36.7769089697 
      47.3758788990 
      45.4967489553 
      44.8048990956 
      48.6055063933 
      45.8099645834 
      49.9943474785 
      45.6399709693 
      47.9048799588 
      45.4909976599 
      44.7956990559 
      47.9008303433 
      44.7943999694 
      48.6065850908 
      40.6605834408 
      39.0079950006 
      40.6333495983 
      53.3008956596 
      47.4494749906 
      49.6963069003 
      46.0997399759 
      33.6995975756 
      38.4099997997 
      39.4693479068 
      47.5577389750 
      44.7657895999 
      40.0330333306 
      49.9794799447 
      40.3539530470 
      39.9489069376 
      44.5309076707 
      40.7390658364 
      37.6903096075 
      40.0997963848 
      43.0908654497 
      48.8087660899 
      46.9900970843 
      37.9963730909 
      36.7793765870 
      49.9995003040 
      43.5474848399 
      46.0090594697 
      36.6990967305 
      33.3960759089 
      49.7673869909 
      40.3447743060 
      45.9536683469 
      49.7767780508 
      49.4905398839 
      40.3998538460 
      48.9089000978 
      48.9897085068 
      39.6950396767 
      40.5095947579 
      38.6888508960 
      50.3745388930 
      40.0459749754 
      38.3090884987 
      47.0895435808 
      43.6960869008 
      49.9835960998 
      37.0854679074 
      48.6446397698 
      44.0345945003 
      47.0800950698 
      45.8889890690 
      46.9880648759 
      08.4860709560 
      49.0769490070 
      40.9968859099 
      47.0093969636 
      49.4795090668 
      40.9930754630 
      40.7999449034 
      49.9874659379 
      50.5335835059 
      33.5878079000 
      48.5899570498 
      44.4896398048 
      43.0336337833 
      47.7774779396 
      45.4467858006 
      40.9979675467 
      40.0534779986 
      43.8578989808 
      38.0064084068 
      40.0570044909 
      59.9398089034 
      40.6094380079 
      38.7905590880 
      43.9906069908 
      43.0994496973 
      38.5696407030 
      40.8339076075 
      57.9934394097 
      39.6060495805 
      43.0000400700 
      40.0600035450 
      40.3999990477 
      49.9408806609 
      39.6444899974 
      47.0597466387 
      49.9035396704 
      39.4856606050 
      49.9936946975 
      48.5670863380 
      43.5577994497 
      45.3508056699 
      49.5409700455 
      49.4554070476 
      55.6500899760 
      46.0640709780 
      47.0709469000 
      38.8668055389 
      59.6999568580 
      39.8539983466 
      56.9949780006 
      38.0975438966 
      49.9793589069 
      40.0595706790 
      50.0547563908 
      50.9056069030 
      30.7648450608 
      38.8887994575 
      40.9309497739 
      43.4799889480 
      40.9700969485 
      49.5798509870 
      47.0649600660 
      34.9853974976 
      45.9940705644 
      38.8947375095 
      37.6087359856 
      47.9970063999 
      36.0969803985 
      40.0005490840 
      49.0004974757 
      45.0949933744 
      35.3590790497 
      36.7377457603 
      44.9589887933 
      37.8545393964 
      33.3348664795 
      40.0687359380 
      49.7085565988 
      40.9064903407 
      56.9007985403 
      48.0598895499 
      44.4785060499 
      38.9334893769 
      35.0795397005 
      38.4705095056 
      43.0503799998 
      46.7368974587 
      49.9664038095 
      44.8093598366 
      44.8775630097 
      49.9099990006 
      39.0640759793 
      49.7344499350 
      40.3935975057 
      54.5940636480 
      39.0088830639 
      44.9999469957 
      43.4303888793 
      49.8736809809 
      47.0859795057 
      43.3064580655 
      37.9578946936 
      38.7407537637 
      43.3003009498 
      43.0440367556 
      47.0397039099 
      38.5784469393 
      47.3639939906 
      57.4656707067 
      49.9004644868 
      48.7660670799 
      39.9099649988 
      40.4790074858 
      43.9497509636 
      37.9007093443 
      40.7857998050 
      40.0857033044 
      40.4055409649 
      47.0590996093 
      48.8969746747 
      49.5476344940 
      38.7975450334 
      44.3808460309 
      59.0979560099 
      38.7797664464 
      49.3705059734 
      49.9030076564 
      46.0800046069 
      40.7076469987 
      44.0780660078 
      35.6876403080 
      48.0796635089 
      40.5080034087 
      40.8079383668 
      45.6404987554 
      45.6000699630 
      48.8694379300 
      34.6039556406 
      43.0430900865 
      43.9990309650 
      50.4909547577 
      46.0079635755 
      40.7035049040 
      40.0835704403 
      40.7049309960 
      44.4436977485 
      39.5790899940 
      54.0900600809 
      49.9666396970 
      50.8035580030 
      43.6409908499 
      43.7606909805 
      48.6303009899 
      59.8364750380 
      44.6095987744 
      44.4980568570 
      43.6309505696 
      59.8999439674 
      38.3390559689 
      46.6935360970 
      45.7303869995 
      48.4899955550 
      37.7450760489 
      50.5068998955 
      49.3809488473 
      38.3540945990 
      50.3005007635 
      49.7990768740 
      39.0000783860 
      48.0668559374 
      40.5608079403 
      44.4000044497 
      48.4000804757 
      43.7799080946 
      50.9774475687 
      44.0950033603 
      50.0307397865 
      35.3070536540 
      49.9996997009 
      50.8300490663 
      47.5444399395 
      53.0850980040 
      48.9070068703 
      39.8783796963 
      40.8008306933 
      45.0909849693 
      49.6639947395 
      49.0830986746 
      46.0845940400 
      59.4308006366 
      45.6006978305 
      49.0469466544 
      37.0640887347 
      44.0359008309 
      40.7703944045 
      46.9980079449 
      49.7044969000 
      09.3650674495 
      55.3930495706 
      46.3540503069 
      36.9099530638 
      48.6957695463 
      55.7085067005 
      46.0708903009 
      45.9043909438 
      39.9474069503 
      33.5670968960 
      40.9853048855 
      48.0964683967 
      46.0054503037 
      40.9946056086 
      43.4689744506 
      36.5943085990 
      40.0049809793 
      50.5099890668 
      46.3835044799 
      50.3437639999 
      38.9987356079 
      39.9033603986 
      40.0790093905 
      40.8508977987 
      30.7909998903 
      45.3838500335 
      50.3460400089 
      49.8035996606 
      46.9750553580 
      49.9387068444 
      50.4839399798 
      37.3507740385 
      43.4070930369 
      44.0447945539 
      43.8580409900 
      40.9794839404 
      46.7003398696 
      46.7476063409 
      49.7067499806 
      48.0509763896 
      49.9396760898 
      53.7500946997 
      59.0047508756 
      37.7604075075 
      46.3898857508 
      47.5779970930 
      49.9305806647 
      46.5900565399 
      39.3473658740 
      40.0647059799 
      34.5980408004 
      40.0485450556 
      38.3938556643 
      40.7505300535 
      30.5049936664 
      39.9530669449 
      39.0055999498 
      36.9454040099 
      50.9996060946 
      49.8750098846 
      37.8745330860 
      37.7069633504 
      55.0035668878 
      45.4966597943 
      38.9803765765 
      47.0668006356 
      37.0866005033 
      47.5809899590 
      40.4706068574 
      59.0330079039 
      54.0558897939 
      49.6004968063 
      43.0099466990 
      49.9838840690 
      38.9476045083 
      35.0498699947 
      36.0609996389 
      40.6848360640 
      49.9406847989 
      30.7480494970 
      40.9600903546 
      39.5698000447 
      45.8663878479 
      43.3759700833 
      50.0400604477 
      37.0083796099 
      44.4756078600 
      47.5883540069 
      35.6099950897 
      34.8660930975 
      49.9590496096 
      38.4359599459 
      37.9783308785 
      43.9800990680 
      38.9437088799 
      47.5700040979 
      47.0047464655 
      49.9896768937 
      37.8664937909 
      45.4357996980 
      47.8005999859 
      40.0940006965 
      50.0800949744 
      45.0699690043 
      47.6870334837 
      35.3704399068 
      36.9595938090 
      44.5050670058 
      57.9464853066 
      40.9097949498 
      59.8899580656 
      46.8768660599 
      47.3503936085 
      47.9436504765 
      59.8993009870 
      33.9897903459 
      40.4375906065 
      56.5893306696 
      37.3909085893 
      43.3986644480 
      47.6956947336 
      40.7379948500 
      48.0890554076 
      49.3080335357 
      40.7409637498 
      49.9905586060 
      50.9400960967 
      44.0096956007 
      49.0093988963 
      45.9999930009 
      53.6698497889 
      44.9960863980 
      40.0039396704 
      46.0900487097 
      40.7904805859 
      46.4406049045 
      47.9896655986 
      49.4749999756 
      39.6474609049 
      43.7445009000 
      40.9494997983 
      38.5909699939 
      38.5660564378 
      40.0399007400 
      46.8860077638 
      46.0603330396 
      40.9544999064 
      49.9847000678 
      30.0505090355 
      49.8437898334 
      48.9707793790 
      40.3553776959 
      46.6068784507 
      44.5034875305 
      44.3088970597 
      40.4930060065 
      40.5700370308 
      50.9609546905 
      49.0068443947 
      40.8998096788 
      45.0476689070 
      49.6980054506 
      45.9759033099 
      49.5803074876 
      40.4660693907 
      59.5397940008 
      38.4697945435 
      40.8900453499 
      40.3398604604 
      54.4895959403 
      43.7939657380 
      38.3909086407 
      45.9566659677 
      47.0673503609 
      47.7495989984 
      39.0683804086 
      47.9095779093 
      40.9380693434 
      44.3080070494 
      48.7869998095 
      40.6706968777 
      50.8696503879 
      39.9039896940 
      38.6639599987 
      53.5085749908 
      36.8406859667 
      30.6845089849 
      38.0099774463 
      48.9800394935 
      48.0978367336 
