2000 
      04.0492677430 
      93.0229960967 
      96.9930298809 
      23.0693374799 
      97.9867627897 
      97.8940099923 
      09.9499830803 
      90.3268040027 
      08.0494798964 
      20.6638924972 
      490.7862393248 
      498.8090686428 
      01.7390833389 
      499.0933843992 
      92.4929969706 
      90.9306008060 
      90.4800984788 
      98.0764697078 
      97.3794268090 
      92.0000794669 
      90.8003349984 
      93.0082982870 
      03.4499779660 
      92.2483337090 
      20.2994897704 
      97.4484934836 
      08.9030339003 
      96.3720928908 
      99.2800262987 
      24.3828220907 
      96.0293860060 
      1.7802748940 
      490.7700367992 
      99.0960709073 
      20.7429090948 
      99.9790846304 
      92.3447324692 
      1.0987904722 
      92.2743288420 
      1.2890874792 
      90.0906034920 
      1.8929642473 
      08.0749729360 
      09.6900020323 
      97.0203979300 
      90.7296406000 
      20.0936080972 
      493.8839404403 
      496.9804263324 
      1.9286372894 
      09.7396070383 
      06.6238389907 
      90.6860300064 
      03.0397068084 
      09.9098006074 
      02.7482742848 
      99.2049024020 
      497.4039240296 
      04.7003422880 
      23.9993079833 
      92.7333669342 
      90.9968972490 
      498.3464970274 
      499.9342362080 
      20.7340233906 
      97.8347707042 
      1.7236469389 
      99.0994200000 
      498.8670986703 
      08.9830764699 
      92.9897996072 
      1.6036027809 
      99.0944004726 
      97.7020083337 
      99.9234608407 
      22.0020749860 
      99.9303227497 
      07.7970407834 
      99.0009338202 
      94.9867490903 
      98.4986923629 
      99.6908902907 
      499.7423080936 
      1.0666308040 
      92.7889034082 
      22.9329203979 
      99.0070690749 
      98.9906637980 
      96.6749900933 
      92.8302876749 
      96.4998277903 
      09.2866309820 
      06.2887609769 
      93.0889987473 
      07.9020286264 
      07.6069078049 
      09.4337906982 
      29.0949342692 
      490.7422009084 
      93.0494789034 
      98.6600034360 
      02.3080007034 
      09.0974734026 
      09.6799077877 
      90.9977082099 
      99.4800302993 
      03.3460343904 
      09.3949780283 
      96.0790308033 
      04.0038983762 
      96.7320906299 
      07.3798333909 
      20.7888020709 
      22.3264299040 
      1.6669847036 
      98.2207037090 
      03.3040043037 
      97.6892609989 
      92.9497897996 
      99.4993990296 
      08.4302078943 
      29.0982269049 
      90.8336603467 
      09.6947440939 
      93.9678998270 
      26.9097040060 
      04.4030949308 
      07.4803824799 
      09.0499973794 
      98.8039047020 
      92.4973789000 
      90.4006032084 
      09.9209207390 
      20.7622049480 
      07.4977040646 
      23.9032704040 
      92.3624460069 
      94.0083747802 
      92.9678808698 
      02.2202089008 
      08.9640766377 
      90.8909004704 
      09.9868970897 
      492.9243407827 
      98.9730698408 
      08.6900264470 
      09.7907099290 
      93.0233049832 
      24.8920408992 
      498.9800892973 
      94.4002699343 
      1.3883448409 
      1.6948499883 
      498.8002793266 
      1.0699302497 
      08.7742929624 
      03.9374097406 
      99.4383990777 
      93.9204762898 
      1.8960648276 
      09.0992079896 
      29.7699997940 
      92.4926900247 
      498.8499482977 
      497.8490030900 
      90.4483207099 
      99.0088879000 
      03.6300834794 
      1.4308790940 
      08.0708708200 
      97.8470378092 
      03.6297344696 
      07.2649363049 
      07.0207094688 
      98.9343297690 
      93.8060040987 
      06.8889839900 
      04.3098422002 
      06.9792430696 
      08.4896286396 
      94.0400609392 
      08.0246223006 
      499.2690973407 
      08.9890638063 
      29.0943000844 
      06.7282027737 
      07.6462678822 
      92.0992888360 
      90.4997798088 
      93.6067642929 
      90.8974732789 
      93.9862294949 
      94.6293094903 
      93.2899609234 
      06.9466983999 
      02.9999843022 
      493.8433023040 
      09.9968033298 
      23.0384770640 
      93.2404904868 
      1.0066689076 
      97.0070033046 
      07.4298289920 
      09.3990329673 
      90.8800269629 
      90.0249807099 
      90.0839989099 
      97.2900996926 
      20.0866798326 
      1.6602299297 
      99.0090747964 
      98.6240062460 
      94.7349924024 
      490.9084737007 
      09.3709929420 
      07.9392988999 
      489.9400876962 
      94.9369220633 
      06.0866094834 
      09.8237720904 
      02.8702707008 
      494.4029940096 
      07.9322089028 
      496.6904200090 
      08.3999620670 
      499.0249620998 
      96.3902622080 
      06.8734290774 
      09.7900986692 
      1.9392670077 
      97.6662200009 
      03.3280967238 
      06.0430786363 
      92.9944707398 
      498.8827994333 
      07.9489080069 
      08.4639999099 
      93.9009776997 
      1.9699698990 
      94.7070460929 
      99.9382676923 
      1.8020363736 
      07.6009708470 
      93.3070327700 
      04.2000640973 
      24.0996988740 
      1.0600006967 
      94.4732374839 
      07.9980806797 
      03.2929709820 
      480.9988007699 
      20.9800834070 
      23.3079403000 
      498.0792848807 
      90.8900686636 
      96.2609478993 
      90.8680490990 
      97.3898667072 
      03.7490390883 
      93.9036034774 
      92.0894992009 
      92.7609763099 
      90.2407790260 
      04.7208240828 
      96.6909989700 
      98.6908463067 
      99.3790976468 
      20.6390247920 
      99.6090933999 
      497.6909897027 
      07.9069030830 
      94.4763926797 
      09.9646006727 
      99.7926470060 
      03.0087768703 
      09.9009607039 
      94.7900860767 
      09.8943932338 
      498.7396003096 
      99.7649086700 
      90.7692600088 
      1.4776869039 
      29.0269908790 
      93.7300730344 
      1.6363629873 
      08.3038407860 
      90.9328943677 
      92.2643493792 
      99.7782403947 
      06.3389609990 
      90.6940303948 
      09.2673272467 
      03.3707094006 
      09.0206799703 
      90.8396344020 
      06.2840620094 
      04.4443780303 
      97.4823629628 
      04.9334002929 
      92.0427273767 
      98.7809080037 
      07.0409208829 
      99.9686726009 
      498.4040679834 
      04.9073900677 
      94.8239922920 
      06.7946608679 
      29.7209600889 
      490.7996302848 
      97.9380699999 
      06.2297403487 
      1.9408929089 
      99.6263499299 
      03.9289326629 
      09.0903373370 
      08.8793649244 
      1.9407240327 
      97.7032832200 
      04.2000094809 
      90.0902002090 
      04.9936879379 
      09.0696499400 
      494.2900849304 
      02.0807997084 
      93.3299090807 
      04.9098790929 
      489.9064700693 
      93.8204009632 
      28.9733099488 
      1.8770096049 
      22.4749767029 
      20.0386867467 
      499.0926670336 
      29.2390036380 
      92.7302480898 
      02.7004086798 
      96.3880604704 
      09.6940373084 
      08.6709968799 
      08.9309998008 
      94.7780798009 
      98.0903939266 
      93.3204834832 
      09.0232400800 
      498.8249996678 
      99.7688008968 
      02.0290907440 
      93.3392269306 
      07.0677067998 
      02.3928904733 
      08.9006482268 
      90.9936783604 
      08.9767932700 
      94.9840709039 
      20.2946904996 
      96.0982878030 
      20.6492399337 
      98.7330833988 
      90.7264394868 
      96.2662439993 
      93.9274936482 
      99.9992797499 
      498.9090239060 
      07.7636730706 
      99.8009222048 
      92.9068208236 
      99.2860628990 
      96.6644008924 
      94.6383337070 
      96.0939399948 
      499.7040909709 
      1.4396074943 
      98.8382240488 
      90.4000368064 
      07.9633366798 
      93.7007009299 
      90.0330704307 
      03.0389099279 
      99.6643099276 
      1.8896993044 
      06.0009883869 
      90.8639709087 
      02.3048680228 
      498.9993863348 
      28.9009470384 
      07.9030499040 
      04.0793688024 
      03.4097028006 
      03.2020042267 
      99.0076608309 
      93.9972879332 
      03.6347608067 
      93.6799499079 
      20.7402003894 
      97.4089864994 
      08.8960700970 
      02.7088862367 
      490.9432628496 
      90.3934882008 
      06.8469428999 
      23.6908807949 
      92.3432867802 
      20.0000902388 
      22.7249998268 
      06.9049424072 
      1.0433394686 
      92.6367076462 
      04.7960987449 
      99.9069369772 
      26.4036096240 
      03.2393447699 
      93.2007206677 
      08.7649920037 
      92.0468442703 
      483.0779442944 
      98.0603909329 
      90.9699976920 
      97.2208896707 
      07.0082469674 
      20.9930709039 
      90.6000036669 
      09.8432970943 
      92.2009922637 
      97.0208799696 
      99.6000409793 
      90.0964997490 
      29.4690299496 
      496.8432939843 
      1.6060620648 
      92.8394839930 
      22.2937838980 
      94.2994960030 
      09.9649706908 
      90.8973649390 
      09.7489973873 
      04.4824007889 
      09.9320869660 
      97.7403992700 
      07.0039226060 
      08.9963896938 
      97.4830086639 
      90.3678424868 
      1.2668249086 
      98.6204979064 
      496.2060400949 
      03.3097339490 
      90.4309907699 
      96.8807922076 
      22.3839880000 
      498.3429826870 
      06.3390292343 
      98.0440382036 
      07.2800980006 
      07.8982297434 
      1.3939028382 
      08.3336289836 
      09.9236326208 
      09.0326902008 
      02.3344494296 
      97.4979280700 
      07.7789060939 
      08.0404049746 
      92.7994090887 
      93.2340922699 
      90.0490880397 
      90.8040732306 
      09.2036342992 
      09.9909974299 
      24.2699796760 
      496.7779996948 
      99.9702994234 
      08.9630029409 
      93.9779022690 
      96.6077709397 
      94.0009684092 
      06.9600497760 
      96.7030638009 
      09.0007907496 
      28.4279937604 
      02.8094499940 
      09.9067890844 
      1.7492984940 
      90.0022393040 
      06.6073299063 
      04.0300980704 
      90.6977762392 
      23.2330807364 
      96.8860986679 
      93.8777202003 
      94.7720290030 
      90.7300908729 
      92.0839007974 
      08.2942092960 
      03.0622370737 
      90.3039893744 
      488.6270007902 
      09.8908274022 
      1.8398978084 
      04.6800072263 
      02.4326990007 
      09.9406670929 
      23.0236683692 
      97.8296308608 
      09.0020239394 
      08.4798932006 
      09.3733976988 
      26.8036930360 
      94.8392378926 
      90.6662970020 
      20.4499208942 
      23.2344003284 
      08.0000737020 
      1.9668309406 
      93.7690974873 
      97.7249407449 
      498.0249209904 
      07.3600986070 
      20.9034090206 
      99.8376200309 
      23.6634400693 
      499.9334738240 
      99.3990387792 
      1.3809983602 
      99.9394869422 
      94.3032023033 
      08.9898402800 
      97.2022879462 
      04.0800042842 
      09.9048362280 
      96.9030396728 
      20.6940709927 
      33.4826604004 
      07.7090907709 
      06.9349909999 
      499.0649902940 
      90.8070889869 
      94.9034023408 
      94.0794760890 
      06.3920427827 
      97.0369008930 
      90.4040766269 
      93.7999948264 
      09.0294499307 
      08.2090039673 
      98.0900734090 
      02.7786779972 
      08.9909389324 
      04.2947784667 
      93.9479269698 
      90.7330680444 
      97.8349602770 
      07.7630030399 
      99.2780429802 
      90.2606230997 
      97.4903797608 
      04.8789020347 
      496.2289923094 
      07.0673420947 
      93.2976444992 
      90.4989399826 
      92.0934086203 
      20.8822863728 
      06.2063720942 
      29.0240099092 
      96.9202330409 
      09.9828239806 
      99.0099773987 
      92.8980840022 
      1.0770807427 
      98.8928384033 
      99.4000929947 
      97.6098449869 
      90.8293047990 
      1.9894066004 
      94.3366262909 
      1.6892003009 
      06.9997600349 
      02.9098098990 
      93.7040090987 
      492.4009020304 
      90.0628940300 
      09.2008097429 
      93.9088780280 
      94.0429699309 
      99.8979907899 
      20.3977206928 
      499.4283233624 
      99.6003722096 
      09.4443900432 
      97.0730669679 
      07.0667808009 
      498.3000806894 
      97.0600794338 
      04.0680639069 
      492.0973389929 
      99.4066407308 
      98.9006994068 
      07.8699444999 
      09.6348998040 
      493.4379760700 
      27.7434923032 
      29.9039722807 
      03.6966033926 
      08.9793993778 
      90.9000290933 
      90.0986742028 
      98.2680629062 
      07.7807206492 
      23.0687989970 
      90.2328963788 
      1.0928497939 
      99.0807763673 
      22.6296448603 
      07.9973723642 
      1.8470769494 
      90.3003788089 
      09.8809907309 
      1.9040992497 
      02.2420844699 
      92.4929083897 
      90.8688023009 
      24.7099097733 
      23.7398680093 
      1.2077009027 
      04.0463439482 
      90.7389399936 
      93.9000806986 
      93.9840066690 
      03.4909949882 
      24.2969044008 
      03.3909484984 
      20.4947749206 
      1.0702922098 
      99.3074089626 
      99.9972039798 
      08.2772699908 
      96.0732679790 
      96.8903249909 
      1.8099990699 
      96.0374937072 
      96.6438299300 
      98.4706763204 
      04.3448007766 
      03.3942330692 
      99.8878896899 
      08.6062779032 
      09.6293303230 
      04.8900036969 
      93.8773009869 
      92.0939969923 
      20.0032992794 
      93.0929320009 
      96.3800097933 
      08.6000093303 
      22.9098239660 
      07.3396824020 
      99.2390303899 
      90.7007799849 
      07.3337923660 
      99.7286364924 
      92.6789497909 
      92.0733049244 
      1.0992089020 
      90.2933032380 
      496.2683874947 
      09.2293726669 
      39.0260029230 
      09.0939697998 
      27.0090904603 
      09.8207767433 
      1.8424479404 
      94.8364403087 
      94.8642899379 
      499.2390920024 
      496.6297994609 
      28.8900623946 
      09.9699430784 
      02.8493964440 
      04.6800390849 
      1.9270062877 
      94.0004427699 
      09.4427860282 
      98.2089029404 
      94.3899823329 
      20.2069746734 
      04.7299994848 
      02.8992007839 
      08.9283040944 
      94.6229324997 
      90.8398438229 
      07.0897276034 
      92.8739649336 
      09.3999980209 
      93.7637998760 
      1.2822909679 
      08.7002909042 
      94.7749387992 
      98.0909700362 
      93.8668933968 
      94.9038379248 
      99.8923079770 
      93.3707832928 
      90.2864687320 
      92.0833733222 
      1.2903399977 
      90.0347080706 
      06.0900387700 
      03.2323040629 
      03.4346333690 
      90.2604400080 
      94.9924334606 
      04.3890767746 
      06.6483890000 
      24.8292608080 
      92.9090209089 
      93.8680093640 
      20.4422070382 
      03.2220229486 
      97.0846047467 
      96.6499062609 
      496.0207499878 
      94.0440627480 
      04.8038090096 
      08.0967740228 
      93.9642007690 
      92.9940726940 
      97.9936462490 
      90.8920008446 
      97.0729048303 
      02.9394920968 
      09.4390293433 
      22.9476672240 
      1.7299002328 
      96.3028344498 
      20.9872263894 
      04.0666288008 
      99.7982399990 
      98.3666364344 
      09.2393004774 
      06.2030082299 
      97.0990298680 
      03.4080888799 
      09.0620247770 
      09.3939642328 
      96.9969668460 
      02.2828279024 
      97.0036202662 
      99.0909000296 
      97.6933229373 
      02.3880638238 
      93.2020097980 
      496.7462769937 
      03.8280078690 
      98.0948227303 
      04.0027248282 
      03.0639796009 
      97.0800670438 
      20.6883609904 
      494.9766264790 
      97.7729340999 
      94.4683093784 
      493.4020246422 
      98.2884397896 
      22.9449098878 
      09.9724906368 
      22.9997647498 
      09.2770609299 
      02.2490606763 
      07.3308744490 
      03.0969303724 
      98.2868004080 
      06.6674009039 
      29.7624308340 
      90.4288789833 
      99.0762093823 
      497.9970093988 
      93.7489203493 
      20.6022788094 
      20.9409409609 
      06.2880870980 
      498.6999896846 
      04.4008974706 
      02.2470030999 
      09.3289430004 
      90.6080647273 
      29.9883029372 
      99.4320942220 
      97.0788034974 
      03.4223937672 
      90.4629989904 
      1.2923332307 
      04.9008960096 
      09.3672480407 
      06.8639070304 
      1.0992849902 
      04.6283270748 
      93.4477649989 
      498.2369290778 
      97.4240009296 
      02.6649627998 
      98.9066903969 
      96.7390977297 
      92.2734787030 
      06.3860420346 
      493.0449460479 
      96.8407066049 
      99.6887276707 
      1.6423907976 
      99.9244840040 
      97.9900026944 
      02.9062030479 
      97.4220267082 
      96.0909846848 
      08.2002827000 
      09.0700470870 
      07.7390090780 
      496.4326847476 
      94.9090778240 
      08.9864294782 
      29.7998289299 
      1.0006479984 
      93.6440080844 
      93.3427763408 
      96.0907340999 
      90.6464992496 
      1.6777998390 
      1.0073099440 
      94.9806429080 
      07.3660300992 
      94.0934430398 
      08.0406347439 
      90.0322904420 
      90.8600043029 
      499.4370724929 
      90.0973084069 
      94.0080696249 
      08.2460920740 
      93.4696287747 
      99.6890883878 
      499.4734476999 
      1.9003093990 
      1.6906803293 
      24.7987090900 
      92.0804243037 
      97.2643333290 
      26.7064978070 
      04.2006269074 
      90.8709004296 
      93.7077823903 
      94.7634392869 
      90.2960960006 
      08.7860433894 
      97.4608007290 
      97.2982742979 
      04.0239279900 
      99.4444428300 
      09.9677902860 
      99.9297030623 
      22.7047396097 
      1.0099379489 
      90.7792736699 
      93.4640038409 
      490.4944036999 
      22.4796803699 
      499.7069098389 
      03.0792037092 
      09.7666289096 
      23.7993948909 
      96.8949943689 
      08.0894063660 
      94.4838090934 
      06.8979802043 
      29.2400960829 
      1.7090427960 
      03.7084209320 
      99.3986746903 
      29.8008768280 
      496.3608873299 
      90.4072094266 
      04.9763009329 
      498.8090962204 
      93.0099968000 
      499.0796846894 
      92.3603099990 
      02.2940099729 
      09.8699902772 
      96.7099722423 
      96.8893770699 
      94.7990479900 
      08.3302629740 
      97.0992279060 
      499.6640943980 
      1.8026077823 
      20.3607903922 
      92.0922400972 
      08.9968072964 
      99.6900720784 
      94.2022420820 
      09.8629209236 
      90.3670027932 
      02.9269097372 
      09.6633030690 
      92.3990040043 
      99.4820909660 
      90.7606039700 
      09.7679864347 
      1.9639060929 
      02.0707027294 
      499.9480709209 
      1.9679499497 
      24.0949909083 
      07.4467002400 
      99.0370063796 
      93.8297086920 
      04.2609020344 
      26.0209402062 
      06.3366043044 
      99.9773937292 
      94.8400709204 
      98.9900004322 
      03.2709332937 
      90.9483348449 
      490.4474469070 
      92.0043079883 
      1.2978900940 
      20.9783020776 
      93.3209462463 
      97.8244096749 
      09.2040962089 
      1.7024743369 
      07.9376907889 
      499.9363980393 
      20.8634882369 
      09.6983460238 
      96.3260699792 
      09.2877989660 
      497.7604994692 
      03.9606260939 
      07.6096379038 
      09.7290000606 
      96.9427709009 
      92.3308340900 
      08.9907403346 
      04.9770062862 
      493.9089397008 
      29.2998044974 
      496.3086368060 
      29.8039864090 
      99.9997709998 
      04.0609002737 
      02.8699280206 
      94.0296987793 
      08.0877097969 
      99.9786697392 
      22.3489049207 
      20.4006479000 
      90.0330007209 
      94.0298840329 
      94.2968386999 
      97.0999663002 
      23.9703288847 
      499.2948390226 
      92.0006360722 
      07.8609230038 
      06.4072220247 
      498.6899006802 
      99.9000942990 
      93.0096627493 
      39.7960438090 
      09.4909466074 
      02.0939374823 
      09.2940074900 
      96.9378964300 
      499.2969026098 
      90.4997027289 
      96.9997749238 
      09.9299748047 
      03.7974979274 
      03.6092709799 
      93.0980639899 
      92.3979639996 
      94.0093346733 
      08.4000909300 
      29.6209946794 
      06.0660027039 
      90.9988922996 
      99.0087922789 
      04.8446700996 
      90.8202878967 
      93.2246936940 
      93.9074406247 
      20.9239988999 
      24.8079887098 
      08.6870400004 
      1.4772893979 
      09.9374909263 
      07.4843799730 
      498.7663370830 
      03.4308609627 
      92.9024263490 
      96.0402700379 
      26.9974793807 
      23.2667084804 
      09.8904988488 
      90.6742863986 
      92.4400860007 
      06.8980660966 
      03.7686909096 
      94.2396967962 
      08.4727236022 
      03.8647063498 
      03.7997060998 
      99.4042002240 
      90.9968093680 
      03.9648093890 
      90.2896792096 
      08.2872022200 
      93.9099897620 
      92.0943680649 
      90.0209778206 
      04.2990623042 
      02.6300097797 
      92.0709232988 
      90.9048683090 
      08.2673247270 
      99.9079392874 
      09.3407070970 
      09.9794600499 
      1.0497792068 
      99.7687228004 
      498.3664936000 
      99.4362902809 
      26.9290747499 
      09.9606990940 
      20.2383264979 
      04.0029460907 
      498.8003738262 
      99.6290999996 
      99.0439936992 
      08.4996786028 
      24.8740089488 
      09.8730404030 
      96.2220304708 
      08.0093700323 
      99.9229004890 
      99.4996720903 
      03.9306994984 
      90.8300930790 
      09.7406322708 
      23.0922092967 
      499.8300066968 
      92.9329090808 
      07.7070676000 
      20.7009799999 
      04.3809890222 
      498.4929799064 
      90.2972308084 
      1.9302897288 
      97.0907949274 
      96.6909030003 
      09.2380700032 
      03.0764620986 
      04.0807733920 
      1.6799494469 
      07.9937408274 
      498.0342939073 
      90.4300082294 
      489.9949340270 
      24.2039949097 
      20.3609077687 
      24.0089980369 
      1.6979998026 
      488.9064676870 
      23.3482749264 
      499.0049932897 
      09.6962074802 
      99.6608069863 
      99.9774943004 
      20.3709002939 
      99.9039908989 
      497.2073092962 
      07.7828076604 
      07.2980227074 
      90.8392949068 
      06.0286433207 
      1.6993993996 
      90.0939990079 
      06.3460443773 
      497.4892424908 
      93.4307760888 
      22.9990762046 
      07.0249039733 
      20.0206664908 
      06.2890870460 
      09.0029434693 
      29.8800299806 
      1.4748003439 
      20.6902687770 
      90.2669004447 
      94.3320840037 
      496.0048770696 
      92.9427960283 
      498.9709367823 
      94.0200308976 
      29.0290349940 
      07.2689469903 
      96.7000494020 
      29.8093463747 
      92.2040040489 
      92.9364949002 
      99.0879002837 
      22.8290608948 
      99.6073096340 
      04.9236280444 
      04.9790488492 
      99.0092927890 
      496.9329474446 
      498.2424699089 
      499.4796299490 
      99.6607982968 
      08.9922829320 
      1.4497396942 
      04.0992290604 
      07.3906300089 
      1.0769200340 
      92.9880773090 
      96.0400763039 
      493.6693998609 
      97.3008023296 
      93.6099969994 
      07.0098307296 
      96.4402460986 
      93.0779324840 
      99.8866798999 
      98.6774686369 
      99.3739802299 
      90.6424897633 
      08.9390720882 
      23.9493676902 
      08.0249947420 
      90.8200897037 
      1.6243430774 
      90.3020807663 
      02.6979086299 
      490.8387892843 
      492.2994026994 
      92.9493009422 
      09.2746686229 
      1.7936260602 
      99.0244067070 
      90.0840929709 
      99.2970937043 
      1.3200996720 
      93.3368977906 
      04.7796320397 
      22.8323399882 
      92.9903394799 
      08.2470204294 
      99.9043900720 
      93.4909903999 
      08.3423087000 
      26.0660038070 
      490.8409482630 
      07.6728909829 
      96.4329638794 
      94.7928993003 
      24.4334894972 
      07.0960096264 
      90.2978043670 
      20.9668369208 
      1.6603696809 
      90.8493684209 
      20.4306660489 
      90.3020893394 
      92.6460348086 
      98.9429094209 
      93.3903068909 
      20.9838290002 
      03.0094067499 
      08.7797288777 
      1.6623980066 
      1.7936997904 
      20.9082236904 
      1.9094460043 
      04.9923902090 
      94.0782373900 
      94.4389233042 
      22.4803090799 
      03.9947642776 
      92.3047470037 
      90.2793970983 
      498.8999294894 
      99.7797223230 
      92.7924207033 
      90.0899299909 
      26.0296972399 
      99.4479027468 
      28.4280229273 
      02.0066606366 
      1.6344999043 
      23.4493329882 
      90.8993092940 
      92.0207849924 
      1.4002633760 
      06.7407638233 
      06.0273769944 
      04.9370608380 
      99.7229839078 
      90.7839687388 
      96.9909893987 
      499.4733929437 
      03.2904889322 
      02.2399280222 
      494.9030303464 
      09.9794999084 
      90.6498909798 
      98.4949706960 
      06.4964293473 
      99.3003803622 
      23.0320920748 
      93.0000893049 
      08.9904096043 
      08.3334422303 
      04.7068064804 
      93.4937279604 
      93.9904069262 
      93.3890024030 
      03.2278963668 
      96.0737497004 
      498.3394340040 
      29.9303322923 
      97.3209933047 
      93.7034820079 
      06.9999692827 
      09.8087798492 
      08.8690063007 
      99.9033749940 
      93.0629984699 
      06.0006879000 
      06.9002043048 
      08.8004639380 
      92.0070602007 
      08.2474036098 
      499.7779928967 
      09.0960897936 
      92.4780427996 
      24.4307789787 
      07.3808499332 
      04.0899903990 
      498.8400402308 
      1.9062904076 
      08.9902879373 
      99.9346004906 
      90.6800207709 
      92.2994307347 
      09.8869874837 
      90.4409630972 
      96.0679992792 
      07.6097999306 
      08.2863947999 
      493.3097026778 
      20.3384008609 
      98.6870304399 
      497.4927972090 
      24.7399279030 
      96.2888972900 
      1.6780020089 
      498.0394088909 
      06.8033094900 
      90.0606996086 
      93.0279733643 
      90.9498699393 
      93.0772038989 
      09.0629208007 
      20.2080068308 
      96.9607798699 
      90.7464849497 
      06.0229079329 
      03.3402928893 
      06.8669002430 
      02.2490202306 
      99.9020079360 
      34.0480300392 
      08.0472790963 
      03.9786346098 
      496.9097200390 
      09.4608429088 
      92.0484084302 
      24.7667794490 
      498.2408393376 
      490.8936022928 
      1.6080887936 
      90.7660929079 
      98.6227300499 
      97.8203007968 
      492.6269097949 
      498.8870098099 
      94.0270490768 
      08.7046003397 
      20.9397689349 
      27.0062947830 
      1.6399700947 
      93.2007284026 
      99.3993387209 
      23.9403260067 
      94.0220634690 
      09.7223632787 
      93.0473290297 
      497.9900204709 
      94.8280939926 
      99.4074690680 
      24.9499730229 
      98.3838270626 
      97.4032988093 
      98.2224997073 
      06.2792090997 
      07.9030237020 
      09.0492793933 
      499.3769330600 
      499.6944873944 
      07.3282048497 
      1.3043047740 
      97.3079920663 
      92.9208823320 
      98.9064009020 
      96.3494496409 
      94.3078864793 
      02.3643802674 
      99.9443829643 
      08.3278296787 
      93.0498230696 
      1.9908290843 
      09.7000978390 
      04.8733770739 
      90.4789620890 
      29.0006099704 
      07.2964679323 
      09.0802947786 
      490.2076429073 
      97.6929070469 
      04.0606379224 
      92.0740899289 
      27.3434966990 
      90.9088787237 
      09.9626997302 
      94.7480046989 
      09.2209760379 
      09.3297286778 
      1.8429630300 
      03.9007034073 
      93.8469608037 
      1.7699367702 
      09.4302000962 
      94.0988204304 
      08.9436730797 
      489.8847809644 
      93.9808907004 
      90.0200274302 
      08.6006699304 
      23.0497608822 
      07.6989096844 
      08.6460037687 
      06.0300973322 
      94.7803924694 
      96.0609487076 
      09.9770424393 
      03.3074604749 
      08.3732970807 
      90.4999668600 
      90.0802307093 
      06.0980768609 
      92.6030960740 
      92.0260306089 
      93.3609769099 
      09.9707636494 
      93.9842099694 
      02.0979770344 
      08.2239260420 
      93.0876933690 
      94.6309080490 
      99.3070707900 
      98.9878447683 
      04.9286363900 
      98.0774000907 
      99.6260980299 
      09.7940098033 
      06.6004008362 
      09.9329747347 
      09.8690077903 
      1.6003033379 
      02.4097800067 
      02.9204026333 
      99.0870396433 
      92.4326479800 
      09.7083320880 
      99.7728880829 
      94.0000922900 
      90.3800020749 
      07.2886009926 
      98.3739026979 
      90.9909379966 
      09.8922734676 
      09.3026779906 
      96.0229303009 
      96.4396309608 
      03.2992769879 
      90.7632007980 
      99.9076007798 
      490.3382073068 
      498.7200903807 
      20.0470827000 
      08.3494809973 
      98.0963770033 
      08.0400409900 
      90.0667063042 
      90.3023942979 
      99.0402920084 
      03.6793920047 
      97.8963028390 
      99.7799770928 
      29.9093999644 
      99.3460339277 
      99.2794070480 
      04.9887669792 
      94.6360496690 
      99.3934704309 
      94.4966078996 
      06.0730488624 
      09.9260420896 
      23.4969929890 
      90.2409802909 
      03.9299603008 
      02.9924387660 
      96.0796304092 
      22.8999303620 
      03.9268994006 
      20.0997377709 
      94.7003993879 
      93.7202068466 
      08.2284039226 
      29.2220089907 
      96.9706909232 
      20.2640909937 
      498.3482999462 
      06.7068838327 
      23.0399079002 
      499.3689322228 
      09.7608493730 
      92.6337209032 
      96.8797976609 
      02.8609490248 
      96.8396049389 
      490.8887499872 
      94.3020847700 
      04.3904729474 
      02.4444700970 
      92.0437397620 
      02.2004299972 
      06.6809476099 
      04.3633848009 
      494.0382392370 
      09.8066774764 
      499.3330339649 
      1.3899004096 
      93.6936447204 
      92.3968606249 
      94.9286940377 
      03.4366389624 
      09.9909286900 
      93.2437303682 
      99.9007802008 
      99.3029892090 
      03.7927630378 
      07.6929000383 
      09.9978202749 
      94.7373403806 
      08.9704426866 
      06.0609909928 
      94.8832909896 
      02.6009970469 
      02.4866893039 
      97.0083847626 
      94.0273249840 
      23.8992920427 
      90.9892442200 
      99.2200762802 
      94.6092092032 
      497.9200700360 
      04.2009968404 
      29.9678376809 
      1.6270897048 
      99.3497608980 
      97.2039390690 
      93.0233360030 
      99.4843098240 
      96.6639749726 
      09.2006602844 
      90.9403003987 
      490.7396607930 
      09.6796989980 
      494.2340306097 
      03.0092682906 
      1.8223663607 
      03.0703442097 
      04.9404433293 
      02.7232673308 
      1.8028799000 
      99.3003724608 
      97.3899303948 
      90.6370947730 
      02.3044892723 
      22.9806749398 
      02.4969040439 
      94.8292396079 
      09.0293462820 
      28.0789903038 
      22.6276999989 
      08.0389900790 
      499.8298038694 
      20.7770302987 
      97.0000990946 
      29.6203474203 
      1.4249969920 
      98.9994422307 
      94.3974996949 
      96.2699079809 
      99.3089340338 
      90.8409279790 
      1.4996476028 
      92.2638093429 
      496.4992729604 
      1.8094207070 
      03.8088978779 
      09.9209062698 
      02.7094077393 
      09.0320292222 
      93.8290299890 
      04.3088096720 
      499.9464099993 
      99.9029894489 
      02.2963772009 
      09.0944990496 
      97.3296766922 
      99.6789063060 
      99.9409270780 
      99.0708042740 
      09.0373047067 
      90.4290980764 
      03.0492999043 
      93.4946079400 
      03.0969309960 
      07.0900344002 
      499.2349278820 
      09.7278862223 
      07.2909837062 
      08.3447729778 
      98.0664903890 
      29.0390687900 
      07.2993996979 
      93.0829898873 
      02.9909079987 
      06.4804603832 
      03.3829070384 
      07.9929466284 
      04.0269000003 
      96.0476689490 
      90.2046369709 
      04.0838987293 
      98.9603928873 
      07.8972792498 
      06.0406844687 
      22.9669860988 
      99.0020498990 
      09.7803266344 
      04.0630600090 
      96.7993494480 
      04.0200692643 
      93.9804677704 
      99.7478489330 
      90.6738230839 
      1.9409033997 
      90.7009490099 
      94.9402066302 
      1.2430089090 
      499.0374698304 
      99.0239004027 
      03.2740908373 
      32.6769983998 
      23.2906097883 
      03.9490768083 
      24.0403940008 
      08.0664904290 
      92.9980690333 
      07.2909699003 
      94.6400003220 
      1.4960087088 
      92.6647300009 
      33.9797094906 
      22.0074384798 
      23.9328239700 
      90.3229847892 
      99.9068028908 
      06.6230223309 
      99.4402302640 
      09.2069002380 
      29.4906930840 
      94.7922063474 
      90.2024927993 
      1.0039630473 
      499.7990268009 
      98.8769332302 
      04.7022796339 
      02.0902082609 
      24.6300903304 
      09.8804396870 
      90.0498030739 
      09.6029990466 
      90.4998834324 
      04.0043700834 
      99.9209942460 
      07.6990970089 
      09.0909066607 
      98.7203672907 
      489.0737990283 
      20.0220776309 
      29.4792989270 
      09.9090377700 
      99.2009792896 
      23.6980769660 
      94.3379890728 
      09.9092477446 
      09.9730634422 
      02.9690902830 
      96.4073479030 
      09.6300292649 
      36.2998232047 
      07.0909840097 
      09.0680276038 
      20.9320693004 
      07.0339703727 
      09.0399833226 
      498.4389890789 
      94.2999970746 
      1.3998944203 
      29.3669999784 
      1.8846349000 
      90.7920087670 
      09.6039780979 
      07.0290902807 
      29.0708364684 
      499.3297963339 
      07.0873297929 
      92.8699406389 
      97.9949970800 
      1.6687920828 
      04.7968980969 
      99.0832490937 
      98.9640809999 
      94.4993406463 
      98.7766974800 
      1.6234963909 
      93.9900924942 
      04.4894623063 
      92.0793298870 
      1.0999272287 
      07.3298602966 
      93.4976700889 
      97.0992083943 
      93.9040873272 
      09.9284430206 
      08.9687049220 
      90.6302890392 
      04.4008942090 
      1.8802349092 
      09.7323638868 
      92.4099730048 
      90.0374867207 
      498.0900062260 
      08.2329927278 
      04.2723680002 
      09.7890962240 
      07.9680804674 
      98.6096446039 
      90.2600222967 
      24.3239347860 
      93.2900977034 
      92.3909090499 
      99.9229467088 
      23.8806402420 
      99.0084703043 
      99.8942023708 
      07.7922907332 
      98.0347920289 
      92.0299794000 
      09.7379939602 
      93.2098078347 
      92.6829870733 
      06.8072073836 
      96.9620280333 
      22.2700909722 
      94.4492367099 
      492.8949720406 
      04.3634867360 
      92.4239604042 
      07.7294482607 
      22.6894032083 
      06.0073899907 
      99.4787406604 
      99.6084390803 
      07.2269090347 
      90.9380093292 
      99.2933292986 
      09.3999008289 
      90.7990327490 
      09.8807903790 
      98.7376972799 
      08.3327900680 
      493.0777290908 
      1.9766766468 
      497.3496248648 
      492.8937608609 
      94.9609093043 
      99.6989332880 
      499.4762847066 
      498.3060090200 
      07.9007992200 
      1.4789907489 
      93.3799096428 
      96.9906998040 
      499.4074998430 
      22.3449299909 
      498.9829800909 
      90.6620290306 
      497.2770827023 
      93.3690429876 
      92.6980409740 
      92.9640979406 
      97.0822060474 
      09.0879070726 
      09.8926949623 
      499.0742078236 
      90.3043626949 
      96.8099003043 
      04.9099408992 
      97.9937320389 
      93.0930092084 
      08.7734642322 
      97.8496930608 
      92.6790662669 
      07.6749686830 
      06.9080790332 
      20.7009069303 
      99.2860099928 
      09.0408206203 
      92.9863889936 
      09.0029868437 
      93.9003823403 
      04.7204890499 
      93.0090708060 
      1.6099798009 
      29.9972280268 
      07.3902798400 
      96.7730994839 
      96.9029046300 
      93.3294209222 
      02.0422049232 
      08.2704060920 
      09.6940488823 
      09.4689927997 
      96.3433237760 
      20.8990060844 
      497.4376706099 
      90.7699674720 
      03.9339779496 
      490.0904633709 
      499.9400986077 
      490.0999093036 
      09.3407320297 
      90.4747040720 
      497.9777303600 
      06.8374060392 
      07.9892600092 
      92.3728997334 
      93.7793709909 
      94.0479088822 
      09.9036027886 
      09.9984808600 
      08.9629778893 
      02.6243002404 
      08.8008809028 
      99.8328470086 
      09.2099409070 
      07.2897997820 
      07.7862994994 
      497.9482947686 
      499.3624230062 
      09.4994904940 
      92.7222780094 
      24.0943790462 
      94.8608966926 
      99.7046098890 
      22.6306097024 
      98.0203339427 
      99.9497404290 
      07.0360330273 
      96.2008090093 
      99.6029082937 
      09.3482344920 
      94.3049732323 
      490.9390607899 
      96.9300036460 
      23.2020923342 
      02.6390296603 
      04.9438693379 
      08.9603999268 
      06.6692332940 
      97.0300409979 
      1.2092309029 
      90.6764407296 
      498.8008022006 
      496.7069766979 
      490.8809272327 
      98.9386094869 
      499.0977006762 
      99.9993980093 
      26.6807980937 
      1.7069830040 
      22.0893773393 
      22.0687478022 
      07.9092994089 
      498.6484609902 
      96.0490079906 
      06.0038999089 
      1.2786068367 
      93.0032980934 
      04.4699908200 
      03.6382740679 
      22.9306294908 
      06.2690496003 
      499.0649479687 
      99.9837320000 
      90.0729940782 
      07.6733397684 
      90.9203209943 
      92.7880998779 
      99.9934300004 
      96.9037924798 
      94.2000429606 
      02.0942700803 
      99.4066349699 
      98.9969280233 
      90.6466273742 
      09.8900734006 
      06.2796284999 
      02.3799434940 
      08.9009922048 
      1.4223068948 
      99.6890979770 
      96.7927999673 
      94.6099406978 
      09.3894607267 
      90.0746069702 
      1.8898308000 
      29.0923962693 
      08.0978470079 
      29.9730287420 
      92.6298839393 
      92.7673033780 
      496.7827420399 
      97.2332626099 
      98.0842920990 
      90.4020922403 
      93.9433422820 
      22.4974677967 
      04.7704274607 
      90.6940376949 
      02.0936896332 
      1.7769043732 
      09.2077940492 
      09.9974949078 
      92.3937032464 
      02.4988773489 
      09.4800337929 
      97.4680484086 
      90.7409900499 
      1.2037909903 
      99.3333884483 
      98.3070049090 
      1.8996749622 
      06.4409077470 
      98.6049937093 
      24.0279034403 
      09.9089309020 
      09.9246000947 
      22.7942900999 
      93.7884493899 
      22.6939833729 
      499.6486937830 
      99.9203066848 
      93.9424999699 
      09.4327346009 
      99.8892007940 
      94.0363069989 
      03.9460066939 
      490.0770096896 
      90.8489238989 
      93.4690600364 
      28.4228209962 
      09.9496202380 
      92.8268494996 
      96.6908686260 
      99.0000790460 
      06.9909220007 
      07.8092429637 
      04.3606033096 
      98.0940064090 
      09.9009337897 
      1.6704098869 
      02.8006806907 
      99.7004039429 
      04.7474270880 
      93.4070730064 
      97.0330420788 
      08.9700226073 
      98.2796290039 
      1.7076930087 
      90.3988083899 
      07.2296473260 
      92.0890940002 
      92.3804006498 
      92.6996040398 
      90.6690289440 
      02.9309200638 
      20.6002903600 
      93.4999920098 
      93.0209004328 
      93.4348393778 
      02.9887449047 
      29.8636838000 
      09.0789602634 
      06.7602024809 
      92.4243989280 
      07.9324306029 
      08.7049007323 
      90.3370906379 
      07.0070236832 
      1.6680703460 
      90.7922300287 
      490.2342720469 
      97.3782788802 
      92.2737499003 
      496.6760639989 
      93.0766996072 
      09.7907333967 
      94.4980006406 
      496.7640022099 
      92.2368340684 
      04.0383287009 
      96.0943020030 
      99.4447730900 
      1.9799973027 
      90.2006920004 
      02.9249982729 
      499.7723733268 
      94.6990896989 
      99.2206039849 
      03.9980640202 
      1.9830380822 
      496.9904092948 
      90.0992474600 
      09.9486440478 
      93.9320200009 
      99.3997902736 
      94.0908864966 
      04.7327024380 
      90.3273000700 
      06.4398078609 
      99.0046999664 
      94.9774770624 
      92.6707287803 
      07.6208929293 
      06.9286428970 
      07.8280796300 
      90.0423327326 
      94.0283620809 
      08.4426470209 
      90.4909994738 
      02.8324793300 
      04.6604740899 
      07.2033497949 
      06.8978849922 
      22.9483893399 
      93.6299798743 
      92.6620070778 
      07.4909000040 
      99.0849899346 
      90.4447332940 
      08.9294942898 
      98.3040029640 
      02.9269080067 
