500 
      59.5536405683 
      59.8590653700 
      59.5507773964 
      58.7366574507 
      33.4975558556 
      55.0050409395 
      56.3434850789 
      30.0375600098 
      57.3608485456 
      55.6556459794 
      56.0980978645 
      55.3495335500 
      35.7630875559 
      57.9039554088 
      56.0650505473 
      56.4070663958 
      59.8060977504 
      50.8873347709 
      58.5005508454 
      55.0573049590 
      58.5554759594 
      55.0957370955 
      54.7905565309 
      58.9044758968 
      55.0075039509 
      56.0583754007 
      30.7407605530 
      54.3586907795 
      56.3505000704 
      56.0959059879 
      55.5435333994 
      09.3543407700 
      07.4006348865 
      56.5453057476 
      30.5400545450 
      57.4058780054 
      30.5787636565 
      57.6975878088 
      56.6903053453 
      56.5458464004 
      59.3537475485 
      57.7055786500 
      56.6588807030 
      58.7588080990 
      57.9573397686 
      58.4035034606 
      35.4376484359 
      54.4404904530 
      55.0775508654 
      53.6735759000 
      59.5709600040 
      54.5535577655 
      53.4380065009 
      57.3887637645 
      55.0045406386 
      56.9046837309 
      58.3557737449 
      59.3903536755 
      56.0364730044 
      57.0679357867 
      56.6569880634 
      30.6600740098 
      50.0504469075 
      54.3508043085 
      54.6005844565 
      50.4775757890 
      58.5004036758 
      53.0355043540 
      53.5434509500 
      58.7953563000 
      53.8050803074 
      39.4050040454 
      30.0449800478 
      59.0674330550 
      56.0088008005 
      59.0077458875 
      50.6663857968 
      53.0544300075 
      53.5056585858 
      54.0774095444 
      36.7354669505 
      35.7839540994 
      50.7300087096 
      58.6485508080 
      53.3004578740 
      54.5045535600 
      30.9663954070 
      55.5055757840 
      36.5785780485 
      50.0493094535 
      59.0530559593 
      54.7547500078 
      58.8676780055 
      33.5537354607 
      58.9306668943 
      34.4430300445 
      08.6057957784 
      30.4706769447 
      54.8439559386 
      55.9073050744 
      58.7433589085 
      56.5535675365 
      58.8800357579 
      55.8030305005 
      50.5009853956 
      53.6670379869 
      56.8379305055 
      08.9685653956 
      59.6965776063 
      56.7905490039 
      55.9646759933 
      59.0000074055 
      58.0439705365 
      56.0738090566 
      09.6637745657 
      59.9304008954 
      55.3306004865 
      58.5594085435 
      55.9597747554 
      33.5055095495 
      57.4755780508 
      30.5555608850 
      50.5877758903 
      57.7433540595 
      09.0408430630 
      56.8645407764 
      57.9854997809 
      59.6407353609 
      55.8035474446 
      30.8000506553 
      59.3757574853 
      50.3387740984 
      57.9035750700 
      55.6544804906 
      56.4005744957 
      30.4355773900 
      08.4640098397 
      30.5500099608 
      56.0755393539 
      56.8506358974 
      50.9804780987 
      57.9050463003 
      58.5505068545 
      55.9058038999 
      50.0455300596 
      53.8663575084 
      57.4950794479 
      56.7540555603 
      38.7858550358 
      34.5407630678 
      30.0806933090 
      55.4944859943 
      30.5055057030 
      08.7705765675 
      58.3355990766 
      56.9779674767 
      53.4956689458 
      30.9098547309 
      58.3493536949 
      50.5986795730 
      55.4435960534 
      50.5656030057 
      56.5588405705 
      56.5434098557 
      55.0530950530 
      55.0503859066 
      50.4876750763 
      55.8937640993 
      55.3609565456 
      56.4366639503 
      30.8570559046 
      34.4700960904 
      56.7085409333 
      50.5040385945 
      55.0854950078 
      30.0330094680 
      33.3649945059 
      54.6458405806 
      58.0075440956 
      55.8774769754 
      54.5587050400 
      59.4036955890 
      33.9954005756 
      56.5030557044 
      55.3506030450 
      53.0788559045 
      55.3840405086 
      59.5076004365 
      56.0005573575 
      55.8057509040 
      30.5880430956 
      58.5556093053 
      55.4560093557 
      30.8085587380 
      58.7008770889 
      57.7607355470 
      35.5988549009 
      57.5574675480 
      55.5009309865 
      59.9653040908 
      58.7030757954 
      58.0987035604 
      50.0090480034 
      54.0478450000 
      58.5560049687 
      55.0054057734 
      59.7739060535 
      58.0858685593 
      55.6530538576 
      58.5084088660 
      56.6007060477 
      57.5065950769 
      50.9068098459 
      56.8409893534 
      50.9960046550 
      55.5695550930 
      58.3055708007 
      58.0388435970 
      56.0536000456 
      33.3743937756 
      56.9590558043 
      59.8855038883 
      53.5093755445 
      30.5558087594 
      30.4560955506 
      54.7707558067 
      54.6934785585 
      57.5750783664 
      53.5009406096 
      08.6790045876 
      58.7675087637 
      54.6559595054 
      54.5480864535 
      55.0057887303 
      57.6447937360 
      54.6709706790 
      58.8454440686 
      54.0450093004 
      55.5389807053 
      54.5653060089 
      53.0006060030 
      56.5685664793 
      50.6540777554 
      30.0585366058 
      58.5540705065 
      35.8559506963 
      57.0994064900 
      58.5335359066 
      30.5490088848 
      56.9534045079 
      55.9544855060 
      35.0649975744 
      55.5846490977 
      55.5549359360 
      53.4304560069 
      56.8750355356 
      54.5656938656 
      55.3906565469 
      55.6786500888 
      54.0790503575 
      50.3788005080 
      50.9305376557 
      56.0074598503 
      05.8809005493 
      57.0507786579 
      53.5035655534 
      55.8369459650 
      55.5504964450 
      30.6448660035 
      55.8789987505 
      54.6463550806 
      58.0755060600 
      54.4505569558 
      58.0873078380 
      55.9745045765 
      55.5964759793 
      55.9839650700 
      55.9084007059 
      59.5796746547 
      59.0583500595 
      54.0075094030 
      56.9455088057 
      59.5363703503 
      57.3055654809 
      56.5845947809 
      30.5393056608 
      56.4854585909 
      58.7543560385 
      54.3500953950 
      30.8066050368 
      55.4957860657 
      35.5077555060 
      57.0993009000 
      56.5533695580 
      58.5333505508 
      58.6666059986 
      50.7030605639 
      55.7069087330 
      57.4060504404 
      59.7560846950 
      54.5955657508 
      58.0763953050 
      56.9930850475 
      58.5369859505 
      30.0636890954 
      56.0058659050 
      09.6077805530 
      57.4980470557 
      35.5578537347 
      55.8604458945 
      35.8049098537 
      55.4575033886 
      57.6667780050 
      56.4687745906 
      57.6004054850 
      53.8403837570 
      58.9548690050 
      56.4995575636 
      53.4340669445 
      53.3069504000 
      50.0845559450 
      30.3334544840 
      35.6545384033 
      54.5695833956 
      59.0536465495 
      30.4809885669 
      09.0573954503 
      59.8640484953 
      35.6845800770 
      53.0096749700 
      07.0646789557 
      54.8853096956 
      55.3377044370 
      56.9865339505 
      55.5679590005 
      57.4735503336 
      35.0030879040 
      09.7775545634 
      58.9805503307 
      57.8565953500 
      55.0004400883 
      54.3556059930 
      54.3604955088 
      53.8636454353 
      58.7363673850 
      50.4833605587 
      57.0396585735 
      57.9687437065 
      55.5855773654 
      09.9059050358 
      55.3653600579 
      58.9047974048 
      08.7404460458 
      59.8444930449 
      07.6447730885 
      53.9909053708 
      55.6535987034 
      54.0558080035 
      57.0066804456 
      55.9356906556 
      33.9500453367 
      30.9870807539 
      53.8855096555 
      30.7745080003 
      50.9565955459 
      30.0893754038 
      50.4780680580 
      35.4068305765 
      58.4087070573 
      56.7890035499 
      53.4070084045 
      55.8598505508 
      55.9885759597 
      54.6594584663 
      57.9695905840 
      58.3350705986 
      50.0730756037 
      33.3398056570 
      33.3709899937 
      37.0447735485 
      55.7003948375 
      50.7547640354 
      55.8705897796 
      58.5586997399 
      54.3075006350 
      58.6760088767 
      55.9053450584 
      59.8889796880 
      30.3787503400 
      34.4509974663 
      55.0664838037 
      53.0080654090 
      56.3008353465 
      30.5600588483 
      57.0757000864 
      30.7050534505 
      50.0087838064 
      55.0435868630 
      07.8540573599 
      30.6453534695 
      55.3050370586 
      55.3985543799 
      55.3436556555 
      50.7807780545 
      55.8588895434 
      55.9677573456 
      55.0005479535 
      56.3856403945 
      50.9676580755 
      58.5507776804 
      30.5533050344 
      54.0943957545 
      53.9674005430 
      53.5050545595 
      53.5958009304 
      59.6904355575 
      54.3407096608 
      53.0950950685 
      53.0660705599 
      53.7595588978 
      50.5550663544 
      53.0509984503 
      58.4750890448 
      54.9334903648 
      57.3508030678 
      57.4453455038 
      30.3008557979 
      55.7360596487 
      53.5806998606 
      50.9065535058 
      07.5000378935 
      35.4804560456 
      09.3090507576 
      30.9857885400 
      50.5350405803 
      50.5896050855 
      57.5503709055 
      55.6585550964 
      30.4457008990 
      30.7586480883 
      55.5430859065 
      54.3740097089 
      53.0008375554 
      57.3843304969 
      58.6099776009 
      55.5695779570 
      50.3005870556 
      54.5985570634 
      56.0700908800 
      57.0540055093 
      53.6354005600 
      56.7690584547 
      08.3784047376 
      50.9360993735 
      55.4044658900 
      09.6753045307 
      58.5004440704 
      09.8356659693 
      57.5039630094 
      50.7085373760 
      58.7590560075 
      30.3977833568 
      58.4050655930 
      55.0636555038 
      57.4459958040 
      58.3439045596 
      59.7997636575 
      57.6007986703 
      30.9988899335 
      53.0550836058 
      54.5875966550 
      30.8503865788 
      56.8995365698 
      54.4493045656 
      33.5648535044 
      56.7605793497 
      58.0776440608 
      59.5090943909 
      55.8056547755 
      54.0075389856 
      59.7309049508 
      50.7079946500 
      06.9655800045 
      57.0095368353 
      53.0397444033 
      58.5050849507 
      35.0535775058 
      58.7300000080 
      56.9005389694 
      56.3085305396 
      57.8543405095 
      55.3657483409 
      56.5347855858 
      30.0907050440 
      50.5579006048 
      59.6753073988 
      57.5855599607 
      53.8493995587 
      35.9095980993 
      56.9080458599 
