1000 
      246.9110443530 
      244.8904128417 
      249.1469539628 
      250.9273090605 
      245.9787487463 
      236.2305558041 
      236.4361312615 
      246.1169271204 
      244.0343650350 
      250.2587577823 
      229.3077685098 
      245.0655352782 
      248.8537977028 
      236.1467102782 
      252.5549230900 
      252.7391105416 
      249.9121407111 
      249.0784290850 
      245.3217934836 
      246.3746854078 
      242.5127265516 
      248.2383641997 
      251.9996868704 
      237.5146291209 
      236.4815465150 
      240.8455266387 
      251.7432965925 
      231.5042507175 
      239.8513095277 
      250.0512120723 
      252.5830457858 
      250.8303426705 
      248.5455944348 
      249.2675060827 
      245.3143774370 
      242.3538836026 
      252.7870834666 
      246.8314149897 
      239.9782135364 
      243.0650699793 
      241.3790745947 
      244.6857198847 
      246.7449606640 
      249.7811483055 
      241.6621935048 
      240.9456262142 
      249.1161047902 
      240.3822314453 
      229.8263874638 
      246.4349832692 
      247.5557768655 
      245.3416344648 
      237.8528504696 
      246.8243148363 
      235.0298300043 
      238.2138338761 
      243.9342276876 
      245.4386475352 
      243.5837293571 
      248.8296394655 
      250.3515979617 
      252.0937297283 
      248.0228475458 
      239.0654687342 
      240.7463461637 
      248.9452093936 
      244.4952254137 
      244.1191770629 
      238.7376277907 
      245.5624983766 
      237.2259392861 
      237.5379190245 
      246.4651260056 
      239.7822903761 
      242.7665050231 
      244.1348556214 
      234.9806055688 
      257.4907981257 
      250.0878930361 
      242.4155321803 
      232.9762652429 
      241.2244750279 
      246.9791534921 
      243.5855820951 
      246.1876012734 
      249.0827304171 
      243.8872393440 
      242.9647601360 
      244.2233275177 
      240.1434188628 
      237.1226279027 
      245.1491043000 
      246.2080739517 
      247.4303149307 
      253.6215902825 
      242.8337369500 
      246.3392917484 
      242.6748825493 
      249.0149236970 
      238.4509986574 
      241.8542110303 
      254.7237324688 
      247.8238509711 
      240.5212890291 
      246.1937159407 
      246.1179425765 
      243.7732088820 
      232.5463079399 
      241.3588609561 
      245.0894779470 
      246.4683483828 
      251.9900300128 
      243.6043131991 
      237.8139646632 
      243.3027212137 
      246.7084742789 
      247.4349389138 
      249.7486555806 
      241.4857408405 
      245.0608758269 
      234.3891529348 
      241.7085405551 
      244.2273162272 
      240.4570398396 
      249.6797329592 
      247.3049239768 
      237.2793882450 
      245.3302205289 
      248.3096775747 
      248.1760924504 
      245.1284116765 
      254.9037405231 
      242.8289977915 
      243.2596214316 
      248.4866697293 
      236.4304582204 
      242.8375969666 
      241.9906822182 
      236.6789455693 
      241.4676884379 
      249.0841096838 
      247.0164857760 
      248.6811032901 
      249.2112898723 
      245.0881169884 
      243.8627733495 
      245.2063260650 
      243.9546704108 
      247.5603026375 
      251.9145471812 
      237.7557182207 
      244.4998517033 
      241.8079724257 
      251.7251874672 
      241.0274083470 
      247.6390755631 
      245.7284393156 
      243.6226760202 
      246.9956267616 
      252.6060334864 
      251.9998780371 
      240.6413083421 
      242.7147737979 
      243.4041987137 
      249.7301217853 
      246.5273061761 
      252.8242840374 
      232.1244807295 
      238.9036836677 
      238.4330082250 
      244.0429284480 
      248.1737478877 
      248.4949034968 
      246.8657172294 
      241.7803618358 
      236.3192476204 
      244.7063550059 
      241.2933695093 
      236.2230364121 
      242.6238454890 
      245.6574850618 
      243.2536240735 
      251.8029531823 
      248.5159399902 
      236.2165775316 
      235.5796648145 
      241.6257054806 
      237.2614633026 
      242.3936054613 
      240.1063857010 
      247.7956047451 
      244.0785392555 
      245.3727307142 
      240.1596041948 
      252.5166104984 
      245.6657933018 
      246.3778065769 
      241.9325574629 
      241.8877349440 
      240.2003823020 
      243.4922365245 
      240.7843614365 
      237.5900830107 
      247.4954138614 
      244.9222398158 
      241.4244171707 
      245.1440987033 
      241.6561266823 
      238.5736778358 
      238.5573933171 
      246.9167338813 
      248.0582112262 
      249.8866041095 
      245.9892861993 
      237.9315358206 
      251.6005554921 
      247.6721676025 
      248.9589721798 
      244.3845416256 
      242.9274538406 
      247.8724407624 
      243.3621298418 
      254.3473206637 
      245.7313421596 
      245.8680209589 
      253.6542711095 
      248.0647411105 
      231.7629708065 
      242.6568928546 
      246.8722037069 
      238.2394535346 
      248.8786848475 
      247.8474600076 
      244.0440554475 
      242.4393635742 
      243.6822336593 
      243.9026138590 
      242.8521577082 
      243.7336360362 
      241.5928266070 
      247.8967186680 
      243.6729947128 
      248.8422973344 
      248.6646751419 
      240.3419501322 
      249.5470006174 
      242.6213559198 
      249.7041979833 
      234.2469013624 
      248.3309563505 
      243.0665190728 
      246.2452786236 
      244.8441480399 
      245.7144722771 
      245.2579352336 
      251.0169948616 
      247.2212354480 
      250.8022106963 
      238.0920101165 
      250.0612125933 
      243.0608867180 
      241.9682519558 
      247.2955729108 
      243.6480686494 
      245.2734615305 
      243.6715856162 
      239.6206732129 
      244.7691640300 
      235.1148609934 
      254.7860540192 
      238.5979563775 
      240.9827020711 
      251.0497356942 
      234.5694020479 
      247.0311264394 
      237.8781649823 
      253.3810824371 
      248.9483170630 
      235.1457791279 
      248.0506735480 
      243.6770870869 
      246.5923984698 
      246.0643822071 
      235.7010588046 
      247.8314199294 
      245.0436833117 
      238.7952239979 
      249.5583976637 
      240.1532604926 
      242.6683230255 
      237.2299547606 
      239.9593129753 
      247.4624904090 
      245.9596361382 
      244.2817294373 
      250.2566150841 
      243.7288126655 
      241.6859537648 
      241.4424958646 
      241.6083077464 
      240.6042695555 
      237.9565191173 
      243.3282435462 
      245.1165737189 
      239.7980761763 
      251.5597282881 
      227.8023680162 
      242.5289052191 
      248.5932945091 
      253.2086616004 
      238.3651069109 
      244.5792939652 
      250.1035320634 
      242.1879313100 
      238.3828538576 
      237.3956091140 
      239.6724711481 
      248.5615688817 
      248.1900561304 
      239.8809558902 
      250.5649039271 
      242.1241782628 
      248.0260554007 
      244.5077055330 
      249.6772899137 
      250.6744944892 
      239.1600706020 
      239.2872398736 
      249.1277679323 
      245.5034253701 
      241.9873450222 
      246.4565807222 
      257.8068612557 
      248.1998865238 
      245.2269948920 
      241.8773582249 
      244.4937659657 
      237.1901306913 
      244.3307659211 
      251.5675246963 
      237.9347301269 
      243.4946421147 
      251.9210206434 
      238.1306426459 
      244.5064342287 
      247.7962545752 
      248.3418044017 
      242.8848069069 
      257.4300515473 
      241.1175226126 
      242.2793221024 
      242.9333788881 
      240.8892990722 
      243.2328785488 
      248.2268568185 
      249.0389511009 
      238.1688893586 
      252.9881056187 
      246.5416169324 
      243.5009017836 
      241.2955227883 
      240.8199349435 
      246.0320978625 
      244.9815519003 
      252.6803939498 
      248.5241174513 
      246.0149524483 
      239.5156867188 
      233.7620196992 
      237.4672043914 
      241.4528154518 
      244.2438839177 
      245.4110344426 
      248.8441950722 
      242.3788223348 
      239.0921248116 
      246.0497769222 
      246.7808882630 
      251.2623362473 
      248.8493985297 
      238.8440384799 
      249.1742889140 
      244.0484862134 
      242.2614035447 
      238.0707282131 
      245.3097041093 
      239.1661636801 
      249.7694607080 
      241.0340621348 
      239.1947869147 
      244.7431484750 
      242.5925266145 
      245.6189432677 
      238.6843380985 
      251.1964818567 
      249.1343736244 
      245.4297859522 
      243.4382500310 
      248.5554402027 
      240.3225114253 
      247.0060683279 
      247.1564824197 
      243.1394289265 
      238.8431849825 
      251.2354333357 
      245.3022933560 
      252.1695233239 
      247.1603262662 
      242.8621009204 
      255.6140871910 
      244.6567578173 
      234.9275358428 
      254.0317817260 
      246.8914317312 
      246.2448167589 
      246.8110931455 
      241.1185991578 
      248.6202546930 
      250.1820989576 
      245.6388253851 
      242.2671943229 
      251.9103961560 
      241.8799378140 
      246.8468792368 
      245.1606696637 
      240.5042523779 
      250.8371358021 
      247.2863494273 
      229.6095825793 
      238.2804435852 
      241.3618918183 
      242.8740575802 
      246.7398133371 
      241.6380318212 
      248.2264969276 
      243.6458049650 
      247.2869872166 
      245.7662886188 
      241.9190027501 
      238.3252571351 
      237.6576074118 
      245.0588760901 
      243.7123100073 
      243.2515924795 
      246.2724853970 
      243.3021832642 
      241.6268958183 
      238.4726273128 
      239.7120019378 
      245.7194531841 
      250.1081474688 
      250.5823190423 
      246.3174589089 
      244.0312234946 
      242.3613423828 
      245.1734394349 
      243.8861047618 
      249.3499987153 
      248.9557171340 
      244.2560204368 
      233.7613192982 
      250.6825437865 
      243.7227132082 
      247.1955199815 
      247.7266930238 
      246.3810547312 
      242.1577429283 
      249.3955836495 
      241.8425758869 
      242.8947946216 
      246.5981263833 
      244.1837962932 
      229.7774681036 
      246.9598573466 
      246.4668083143 
      250.7074946998 
      239.2327922844 
      247.2534523843 
      228.3279635950 
      253.9701736690 
      243.0469997897 
      241.9353666961 
      245.8750767480 
      242.2023913097 
      245.9944118730 
      244.3060620302 
      241.7054853165 
      244.1431776082 
      240.6270172579 
      243.6483523367 
      237.5624855725 
      246.5922782752 
      241.9168887297 
      245.0960489494 
      240.1780866666 
      241.3993699780 
      233.8774896940 
      254.6979644599 
      252.5242675109 
      233.9913851335 
      247.9940678279 
      241.5869789201 
      254.3946659379 
      245.4049429163 
      240.5163844606 
      249.6693068565 
      245.2239206892 
      251.0175703490 
      239.2682551866 
      241.5732873812 
      248.2543699251 
      239.7908137752 
      236.3601580681 
      243.4802177266 
      236.5615332778 
      245.9994253057 
      246.0521344743 
      248.6934883464 
      253.5688051574 
      242.8244924296 
      248.0634180184 
      244.6996897834 
      245.3203678767 
      227.8468505983 
      245.6072062723 
      246.1854908892 
      239.7748163368 
      241.8862776664 
      249.1200097595 
      241.7384764740 
      241.3874029444 
      245.9521456154 
      237.7277262621 
      246.0186647372 
      245.6421392218 
      240.9201783906 
      239.6847870167 
      234.0189140262 
      251.1366040730 
      236.3209191827 
      244.6295888407 
      247.3027785324 
      241.0712630041 
      248.9836302743 
      242.5529469079 
      250.1506615169 
      236.7769089617 
      247.3758788990 
      245.4967481553 
      244.8048910156 
      248.6255063133 
      245.8219645834 
      241.9943474785 
      245.6311729613 
      247.1048799588 
      245.4129176511 
      244.7156112551 
      247.9228303433 
      244.7143991614 
      248.6265852108 
      242.6605834428 
      239.2071150226 
      240.6333415983 
      253.3008156596 
      247.4414749926 
      249.6963261023 
      246.2917311751 
      233.6115975756 
      238.4219997917 
      239.4693479268 
      247.5577381752 
      244.7657895991 
      240.0332333326 
      249.1714719447 
      240.3539530472 
      239.9489269376 
      244.5321076727 
      242.7310658364 
      237.6103296075 
      242.2917163848 
      243.2128654417 
      248.8287662891 
      246.1122972843 
      237.1163730901 
      236.7713765872 
      241.1995223240 
      243.5474848391 
      246.2092594697 
      236.6110167305 
      233.3160759081 
      241.7673861101 
      242.3447743060 
      245.1536683461 
      241.7767780528 
      241.4105318831 
      242.3918538462 
      248.9089020978 
      248.1817085068 
      239.6152396767 
      240.5295947571 
      238.6888528960 
      250.3745388932 
      242.2451749754 
      238.3292884187 
      247.2895435808 
      243.6162869028 
      249.9835160918 
      237.0854671274 
      248.6446317698 
      244.2345145203 
      247.0820152698 
      245.8889812690 
      246.1880648759 
      228.4862709562 
      241.2761410270 
      242.9968851019 
      247.0293169636 
      249.4715092668 
      240.1130754632 
      242.7119449234 
      241.1874651371 
      250.5335835259 
      233.5878079200 
      248.5819570498 
      244.4896398048 
      243.0336337833 
      247.7774771396 
      245.4467858206 
      240.9179675467 
      242.2534779986 
      243.8578181808 
      238.2264284268 
      240.0570244929 
      259.9398089234 
      240.6214380279 
      238.7105512882 
      243.1106069928 
      243.2114496173 
      238.5696407030 
      242.8331276275 
      257.1934394097 
      239.6062415805 
      243.2200400700 
      242.2602235452 
      242.3191112477 
      241.1408806609 
      239.6444891974 
      247.0597466387 
      249.1235316704 
      239.4856626052 
      241.1936146975 
      248.5670863382 
      243.5577994417 
      245.3528256611 
      241.5421702455 
      241.4554070476 
      255.6522819760 
      246.2640709780 
      247.0729469202 
      238.8668255381 
      251.6119568582 
      239.8539983466 
      256.1141782206 
      238.0975438166 
      241.9713589269 
      242.2595706710 
      250.2547563128 
      252.1056261030 
      232.7648452608 
      238.8887114575 
      240.9329417739 
      243.4791881480 
      240.1700969485 
      249.5718529872 
      247.2649600662 
      234.9853174976 
      245.1940725644 
      238.8947375015 
      237.6087351856 
      247.9172263191 
      236.2969823185 
      242.2225490840 
      241.0004974757 
      245.2149933744 
      235.3590792497 
      236.7377457623 
      244.9589887133 
      237.8545313964 
      233.3348664795 
      242.0687359380 
      241.7085565188 
      240.9264923427 
      256.9207985403 
      248.2598815499 
      244.4785262491 
      238.9334893761 
      235.0795317025 
      238.4705295056 
      243.2503711998 
      246.7368974587 
      241.1664238095 
      244.8293598366 
      244.8775630297 
      241.9019990006 
      239.2640751713 
      241.7344491350 
      240.3935975057 
      254.5940636482 
      239.2088830639 
      244.9119469957 
      243.4303888713 
      249.8736809809 
      247.0851715257 
      243.3064582655 
      237.9578146936 
      238.7407537637 
      243.3203001498 
      243.2442367556 
      247.2317231291 
      238.5784469313 
      247.3639139126 
      257.4656707267 
      249.1224644868 
      248.7660670791 
      239.1211649988 
      240.4790274858 
      243.9417509636 
      237.1227213443 
      242.7857198250 
      240.0857033044 
      242.4255421641 
      247.0592996093 
      248.8169746747 
      249.5476344140 
      238.7975452334 
      244.3808460309 
      251.2979562291 
      238.7797664464 
      249.3725259734 
      249.9030076564 
      246.0822246269 
      242.7076461987 
      244.2780662078 
      235.6876423280 
      248.2716635089 
      242.5282034287 
      242.8079383668 
      245.6404987554 
      245.6222619632 
      248.8614379320 
      234.6231556406 
      243.0432900865 
      243.9912329652 
      250.4121547577 
      246.0279635755 
      240.7035249242 
      240.0835704403 
      242.7049301160 
      244.4436177485 
      239.5790899140 
      254.0100600829 
      249.9666396172 
      250.8235582030 
      243.6401108491 
      243.7606109805 
      248.6303021819 
      251.8364752380 
      244.6095187744 
      244.4982568572 
      243.6301525616 
      251.8999431674 
      238.3310559681 
      246.6935360172 
      245.7303869115 
      248.4899155550 
      237.7452760481 
      250.5068198155 
      249.3801488473 
      238.3542145190 
      252.3205007635 
      241.7990768742 
      239.0200783862 
      248.0668551374 
      240.5608271423 
      244.4200244417 
      248.4202804757 
      243.7719082146 
      250.9774475687 
      244.2950233623 
      250.2307317865 
      235.3270536542 
      241.9196117229 
      250.8322492663 
      247.5444311395 
      253.0852182042 
      248.1072068703 
      239.8783716963 
      240.8028326133 
      245.2129841693 
      241.6631947315 
      241.0832186746 
      246.0845940422 
      251.4328026366 
      245.6026178325 
      241.0461466544 
      237.2642887347 
      244.2351228301 
      242.7723944245 
      246.9982079441 
      249.7044169022 
      229.3650674415 
      255.3130495706 
      246.3540523061 
      236.9299530638 
      248.6157615463 
      255.7085267005 
      246.2708903201 
      245.9243909438 
      239.1474069523 
      233.5672968960 
      242.9853048855 
      248.2964683967 
      246.0254503237 
      240.9946256286 
      243.4681744526 
      236.5943285110 
      242.2041829713 
      252.5299890668 
      246.3835244799 
      252.3437631111 
      238.1987356079 
      239.1233623986 
      242.0712013905 
      242.8508977187 
      232.7101198923 
      245.3838500335 
      250.3460400281 
      249.8035196626 
      246.1752553582 
      249.9387068444 
      252.4831319798 
      237.3507740385 
      243.4270930369 
      244.2447945531 
      243.8580421100 
      242.1794831404 
      246.7223398696 
      246.7476263409 
      241.7067491826 
      248.2501763896 
      249.9396762818 
      253.7502146197 
      259.2247508756 
      237.7604275075 
      246.3818857528 
      247.5771172132 
      249.9325806647 
      246.5920565399 
      239.3473658740 
      242.0647059799 
      234.5980428004 
      242.2485450556 
      238.3138556643 
      242.7505320535 
      232.5241136664 
      239.9532661449 
      239.0055119418 
      236.9454242099 
      252.1996062946 
      249.8750018846 
      237.8745330860 
      237.7261633504 
      255.0235668878 
      245.4166517143 
      238.1803765765 
      247.2668226356 
      237.0866225033 
      247.5801819592 
      242.4706068574 
      251.2332279039 
      254.2558817931 
      241.6004968263 
      243.0011466910 
      241.9838842612 
      238.9476245083 
      235.2418691147 
      236.0601996389 
      240.6848360640 
      249.9426847189 
      232.7482414970 
      240.9622123546 
      239.5698220447 
      245.8663878479 
      243.3759722833 
      250.2422604477 
      237.2283716291 
      244.4756078622 
      247.5883542269 
      235.6211952897 
      234.8662932175 
      241.9510496016 
      238.4359519459 
      237.1783328785 
      243.9800192682 
      238.1437088711 
      247.5702040979 
      247.0247464655 
      241.9816768937 
      237.8664937901 
      245.4357996982 
      247.8025199851 
      240.2142226965 
      252.2820149744 
      245.0699690243 
      247.6870334837 
      235.3704399268 
      236.1515938290 
      244.5050672258 
      257.1464853266 
      242.1017941418 
      251.8891580656 
      246.8768662519 
      247.3503936285 
      247.1436524765 
      251.8113001870 
      233.9817123459 
      242.4375906265 
      256.5893306616 
      237.3109085813 
      243.3986644482 
      247.6156147336 
      240.7371948502 
      248.0812554276 
      249.3280335357 
      240.7401637418 
      249.9105586060 
      250.1420162967 
      244.2096956007 
      241.0093988963 
      245.1119932229 
      253.6618417881 
      244.9162863980 
      240.0031396724 
      246.0120487217 
      240.7124805851 
      246.4406041245 
      247.1816655986 
      249.4749119756 
      231.6474601041 
      243.7445221220 
      242.9414117183 
      238.5929619139 
      238.5662564378 
      242.0311027422 
      246.8860277638 
      246.0623330316 
      240.1544191064 
      249.9847202678 
      232.2505292355 
      241.8437818334 
      248.9727793710 
      240.3553776959 
      246.6068784507 
      244.5234875305 
      244.3088170517 
      240.4130262265 
      242.5702372308 
      252.9629546925 
      249.0268443147 
      242.8998016788 
      245.0476681072 
      241.6180054506 
      245.1759233211 
      241.5823074876 
      240.4662693107 
      251.5397942228 
      238.4697145435 
      240.8122453499 
      242.3398624624 
      254.4815959423 
      243.7139657380 
      238.3129286427 
      245.1566659677 
      247.2673523629 
      247.7415989984 
      231.0683824286 
      247.9215771293 
      242.1380693434 
      244.3280072414 
      248.7869998095 
      242.6726968777 
      252.8696503871 
      239.1039816942 
      238.6639511187 
      253.5285741108 
      236.8406851667 
      232.6845089849 
      238.0291774463 
      248.9802394135 
      248.2978367336 
