2000 
      504.5492677430 
      513.5229165967 
      516.9130298851 
      523.5613374711 
      517.9867627817 
      517.8945019923 
      509.9419830803 
      510.3268040527 
      508.0414718164 
      520.6638924972 
      495.7862313248 
      498.8090686428 
      500.7390833381 
      491.0133843912 
      512.4921969706 
      510.9306508060 
      510.4800984788 
      518.0764617078 
      517.3714268095 
      512.5050794661 
      515.8003349984 
      513.0082982870 
      503.4491779660 
      512.2483337010 
      525.2994897704 
      517.4484134836 
      508.9030331053 
      516.3720128108 
      519.2800262987 
      524.3828225957 
      516.5293860565 
      500.7802748145 
      495.7750367992 
      511.0165759573 
      525.7429010948 
      519.1795846304 
      512.3447324612 
      505.0187104722 
      512.2743288425 
      505.2810874792 
      515.0106034125 
      500.8929642473 
      508.0749721360 
      509.6900525323 
      517.0253179355 
      515.7296406505 
      525.5136085972 
      493.8839404453 
      496.1854263324 
      505.9286372814 
      509.7316570383 
      506.6238389957 
      510.6860305564 
      503.0397068084 
      509.9518506574 
      502.7482742848 
      519.2041524525 
      497.4539240296 
      504.7003422880 
      523.9913579833 
      512.7333669342 
      510.1168972495 
      498.3464975274 
      499.9342362080 
      520.7340233906 
      517.8347707042 
      500.7236461381 
      511.5194205050 
      498.8670186753 
      508.1835764619 
      512.9897116072 
      505.6036027809 
      511.0944004726 
      517.7520083337 
      519.1234658407 
      522.5020741865 
      511.1303227417 
      507.7170457834 
      511.5509338252 
      514.1867415103 
      518.4986123629 
      511.6958152907 
      499.7423585936 
      500.5666358545 
      512.7889034582 
      522.9329253179 
      519.5570610749 
      518.9956637185 
      516.6749955133 
      512.8352876741 
      516.4198277103 
      509.2866351820 
      506.2887651761 
      513.0881987473 
      507.9020286264 
      507.6069578541 
      501.4337956982 
      529.0949342692 
      495.7422051584 
      513.0414789534 
      518.6600034360 
      502.3585557534 
      501.0974734026 
      509.6799577877 
      510.1177582511 
      519.4800302113 
      503.3465343954 
      501.3149780283 
      516.0790358533 
      504.0538183762 
      516.7320156219 
      507.3798333909 
      520.7888020751 
      522.3264291040 
      505.6661847036 
      518.2207037015 
      503.3545043037 
      517.6812601189 
      512.1497817916 
      511.4913115216 
      508.4352578943 
      521.5982261549 
      515.8336653467 
      509.6947440131 
      513.9678118275 
      526.9517540560 
      504.4035149358 
      507.4853824799 
      501.5499973714 
      518.8039047525 
      512.4173781055 
      510.4556032084 
      509.1201257315 
      520.7622541485 
      507.4177045646 
      523.1532754040 
      512.3624460069 
      514.0083747852 
      512.1678858698 
      502.2252589008 
      508.9645766377 
      510.8109504704 
      509.9868970897 
      492.9243457827 
      518.9730698458 
      508.6900264470 
      501.7957019295 
      513.0233041832 
      524.8920458992 
      498.1850812973 
      514.4502619343 
      500.3883448409 
      505.6948491883 
      498.8502713266 
      500.0619352497 
      508.7742929624 
      503.1374017456 
      519.4383910777 
      513.1204762818 
      505.8160648276 
      501.0912079896 
      521.7619917140 
      512.4926155247 
      498.8419482177 
      497.8415035955 
      510.4483207519 
      519.0588879055 
      503.6300834714 
      505.4358710945 
      508.5708708200 
      517.8475378512 
      503.6297344696 
      507.2649363549 
      507.0257514688 
      518.1343217690 
      513.8560040187 
      506.8889831155 
      504.3598422552 
      506.9712430696 
      508.4896286396 
      514.0450659392 
      508.0246223556 
      499.2690173457 
      508.1815638563 
      521.0143555844 
      506.7282027737 
      507.6462678822 
      512.0112888365 
      515.4117798588 
      513.6067642121 
      510.8974732781 
      513.1862214141 
      514.6293014953 
      513.2891601234 
      506.9466183911 
      502.1119843522 
      493.8433023540 
      501.1968533298 
      523.0384770645 
      513.2404104868 
      505.5566681576 
      517.5070033546 
      507.4298289120 
      509.3115329673 
      515.8805261629 
      515.5249857091 
      510.5831189599 
      517.2100196926 
      525.0866798326 
      500.6602291297 
      511.0015747164 
      518.6240562465 
      514.7341124024 
      495.1084737007 
      501.3751121420 
      507.1392188999 
      489.9455876962 
      514.9361225633 
      506.5866594834 
      509.8237720904 
      502.8752757008 
      494.4021940596 
      507.9322089028 
      496.6904200515 
      508.3119620675 
      499.5241625998 
      516.3902622585 
      506.8734210774 
      509.7150186692 
      505.1392675077 
      517.6662250509 
      503.3280167238 
      506.0430786363 
      512.9944757398 
      498.8827994333 
      507.9481580569 
      508.4631119511 
      513.1009776197 
      505.9699698910 
      514.7570465921 
      511.9382676123 
      505.8520363736 
      507.6551758475 
      513.3075327755 
      504.2005640973 
      524.5196188745 
      500.5600556967 
      514.4732374831 
      507.9180806797 
      503.2921701825 
      480.9988557619 
      520.9850834570 
      523.3071453505 
      498.5792848807 
      515.8105686636 
      516.2601478113 
      510.8685415915 
      517.3818667572 
      503.7490390883 
      513.9036034774 
      512.5894112009 
      512.7609763599 
      510.2407715260 
      504.7208245828 
      516.6951189705 
      518.6958463067 
      511.3790976468 
      525.6315247920 
      519.6590933999 
      497.6959817527 
      507.9569530830 
      514.4763926717 
      509.9646006727 
      511.7126475565 
      503.0587768703 
      501.9001607039 
      514.7950860767 
      501.8943132338 
      498.7316553096 
      511.7641586700 
      515.7612650588 
      505.4776861539 
      521.0261158710 
      513.7355730344 
      500.6363629873 
      508.3538457865 
      515.1328943677 
      512.2643493792 
      511.7782453147 
      506.3381651995 
      510.6145303148 
      509.2673272467 
      503.3707014556 
      509.0256711753 
      510.8316344525 
      506.2845620014 
      504.4443785303 
      517.4823621628 
      504.9334052121 
      512.0427273767 
      518.7851085537 
      507.0459258829 
      519.1686726051 
      498.4040679834 
      504.9573155677 
      514.8239122925 
      506.7146608671 
      521.7201600889 
      495.7996302848 
      517.9380611999 
      506.2217403487 
      500.1458921581 
      511.6263411299 
      503.1289326621 
      509.5153373375 
      508.8793649244 
      505.9457245327 
      517.7032832255 
      504.2005014809 
      510.0152002510 
      504.9936879379 
      501.0616411405 
      494.2950849304 
      502.5857917084 
      513.3291510807 
      504.1598790929 
      489.1064755613 
      513.8254509632 
      528.9733011488 
      505.8775016549 
      522.4741767521 
      520.5386867467 
      499.5126670336 
      529.2310036380 
      512.7352480818 
      502.7004086798 
      516.3880654754 
      509.6940373584 
      508.6709968719 
      508.1351918508 
      514.7785798501 
      518.0903939266 
      513.3204834832 
      501.5232455805 
      498.8241116678 
      511.7688008968 
      502.0295907440 
      513.3392269356 
      507.5677067918 
      502.3128104733 
      508.1056482268 
      515.1936783604 
      508.1767932705 
      514.1845759031 
      520.2946904916 
      516.0182878035 
      520.6492319337 
      518.7330833988 
      510.7264394868 
      516.2662439193 
      513.9274936482 
      511.1912717491 
      498.1010231060 
      507.7636735756 
      511.8059222548 
      512.9068258236 
      519.2860628990 
      516.6644558124 
      514.6383337070 
      516.5131311948 
      499.7540909701 
      505.4316574943 
      518.8382245488 
      510.4555368564 
      507.9633366798 
      513.7557001211 
      515.0330704357 
      503.5389011279 
      511.6643091276 
      505.8816913044 
      506.0001883861 
      515.8639709587 
      502.3548680228 
      498.9993863348 
      528.9001470384 
      507.1030491540 
      504.0713688524 
      503.4097528006 
      503.2520042267 
      511.0576658351 
      513.1172871332 
      503.6347608567 
      513.6799419571 
      520.7402553894 
      517.4581864114 
      508.8965750175 
      502.7088862367 
      490.1432628416 
      510.3934882008 
      506.8461428119 
      523.6908807149 
      512.3432867802 
      520.5550952388 
      522.7249118268 
      506.9049424572 
      500.5433394686 
      512.6367576462 
      504.7960187441 
      519.9061369772 
      526.4036596245 
      503.2393447611 
      513.2557206677 
      508.7649920537 
      512.5468442753 
      483.5779442944 
      518.0653101321 
      510.9611176920 
      517.2258816757 
      507.0582469674 
      520.9135701531 
      510.6055036661 
      509.8432170143 
      512.2509922637 
      517.0258719616 
      511.6500451713 
      515.5164997495 
      521.4610299496 
      496.8432139843 
      500.6560620648 
      512.8314831930 
      522.2137838985 
      514.2914960030 
      509.1641756908 
      510.8173641390 
      501.7489173873 
      504.4824557889 
      509.9325869660 
      517.7453112750 
      507.0531226560 
      508.9163816938 
      517.4830586639 
      515.3678424868 
      505.2668249586 
      518.6254971064 
      496.2560400949 
      503.3017331490 
      510.4309107619 
      516.8807922076 
      522.3831885005 
      498.3429826870 
      506.3390292343 
      518.5440382536 
      507.2805980056 
      507.8982297434 
      505.3131528382 
      508.3336289836 
      509.1236326208 
      501.0326102008 
      502.3344494216 
      517.4179280705 
      507.7781565139 
      508.5404549746 
      512.7914590887 
      513.2340122619 
      515.0410880317 
      515.8040732356 
      509.2036342192 
      501.1901174219 
      524.2699796765 
      496.7779116148 
      519.9702994234 
      508.9630021451 
      513.9771022610 
      516.6577759397 
      514.0051684092 
      506.9600417760 
      516.7035638001 
      509.5557957496 
      528.4271137604 
      502.8014499945 
      509.9567895844 
      505.7412184945 
      515.5522313540 
      506.6073219063 
      504.0350985704 
      515.6177762392 
      523.2335857364 
      516.8865986679 
      513.8777252503 
      514.7720295035 
      515.7355108729 
      512.5839057174 
      508.2942012960 
      503.5622375737 
      510.3039813744 
      488.6275007102 
      509.8958274522 
      505.8318178584 
      504.6805572263 
      502.4326990007 
      509.1456670121 
      523.0236683612 
      517.8216308608 
      509.5525231394 
      508.4798932006 
      509.3733976988 
      526.8036135365 
      514.8392378126 
      510.6662975020 
      520.4499208142 
      523.2344053284 
      508.5005737525 
      505.1668359456 
      513.7610974873 
      517.7241407441 
      498.0249209954 
      507.3650186575 
      520.9534010256 
      511.8376255301 
      523.6634400693 
      499.9334738245 
      519.3910387792 
      500.3859983602 
      511.9394869422 
      514.3532023033 
      508.1818452805 
      517.2522879462 
      504.5855042842 
      509.9548362285 
      516.9535316728 
      525.6940759927 
      533.4826654004 
      507.7015907751 
      506.1349151999 
      499.5649902145 
      510.8575881869 
      514.1034023458 
      514.0714760895 
      506.3920427827 
      517.5361558130 
      510.4540766261 
      513.7999148264 
      509.0294491307 
      508.2515531673 
      518.5155734590 
      502.7786771172 
      508.9901389324 
      504.2147784667 
      513.9471261698 
      510.7335685444 
      517.8349602770 
      507.7635530399 
      519.2785429852 
      510.2656235917 
      517.4953717608 
      504.8781025347 
      496.2289123514 
      507.0673425947 
      513.2976444992 
      510.4189319826 
      512.5134086203 
      520.8822863728 
      506.2063720942 
      521.0240591012 
      516.1202330459 
      509.1828231856 
      511.5591773987 
      512.8185845522 
      500.0770857427 
      518.8128384033 
      511.4005921947 
      517.6518441869 
      515.8293547190 
      505.1894566504 
      514.3366262159 
      505.6812003501 
      506.9117600349 
      502.9598018110 
      513.7545090187 
      492.4009520304 
      515.5628140350 
      509.2508097421 
      513.9588780285 
      514.5421699351 
      511.8971907899 
      520.3177256928 
      499.4283233624 
      519.6053722096 
      501.4443155432 
      517.0735661679 
      507.0667858501 
      498.3550806894 
      517.5605714338 
      504.5685639061 
      492.5173381129 
      511.4066457358 
      518.1506114068 
      507.8611444199 
      509.6348998540 
      493.4371765755 
      527.7434923532 
      521.9039722807 
      503.6166533126 
      508.1713913778 
      510.9000290133 
      510.0186742028 
      518.2685629562 
      507.7857256492 
      523.5687981970 
      510.2328163788 
      505.0928417131 
      511.5857763673 
      522.6216448603 
      507.9973723642 
      500.8475769414 
      515.3553788589 
      509.8801957351 
      505.9540912417 
      502.2420844691 
      512.4921083897 
      510.8688523501 
      524.7511517733 
      523.7318685593 
      505.2077051527 
      504.5463431482 
      510.7381319936 
      513.1505806986 
      513.1845566610 
      503.4101149882 
      524.2969544058 
      503.3101484184 
      520.4947749256 
      505.5702922018 
      511.3074081626 
      519.1172531718 
      508.2772691908 
      516.0732679715 
      516.8903249951 
      500.8091195691 
      516.0374137072 
      516.6438219300 
      518.4706763254 
      504.3448507766 
      503.3142335612 
      519.8878816811 
      508.6562779532 
      509.6213303235 
      504.8155536169 
      513.8773509869 
      512.5139161923 
      520.0532112794 
      513.0921320009 
      516.3850097133 
      508.6005513353 
      522.9518231660 
      507.3396824520 
      511.2315303891 
      515.7007799849 
      507.3337923660 
      511.7286364124 
      512.6781417159 
      512.5733041244 
      505.5112581025 
      510.2133532385 
      496.2683874147 
      501.2293726661 
      531.5265529235 
      501.0139697998 
      527.5515954603 
      509.8257767433 
      505.8424479454 
      514.8364453087 
      514.8642891379 
      491.2395920024 
      496.6297914601 
      528.8155623146 
      509.1691435784 
      502.8413164440 
      504.6850395849 
      505.1275562877 
      514.5554427691 
      501.4427865282 
      518.2581529454 
      514.3819823321 
      520.2561746734 
      504.7219114848 
      502.8912557839 
      508.9283545144 
      514.6229324117 
      515.8318438221 
      507.5817276034 
      512.8739641336 
      501.3119985209 
      513.7637198760 
      500.2822109671 
      508.7052901042 
      514.7741387192 
      518.5151755362 
      513.8668933168 
      514.1038371248 
      511.8123579775 
      513.3757832128 
      515.2864687320 
      512.5833733222 
      505.2903399977 
      515.0347580756 
      506.5155387755 
      503.2323545621 
      503.4346333695 
      510.2654405085 
      514.9924334606 
      504.3815767746 
      506.6483890555 
      524.8212658580 
      512.9095209081 
      513.8685513640 
      520.4422570382 
      503.2225229486 
      517.0846047467 
      516.6499062651 
      496.0207411878 
      514.5445627480 
      504.8538515016 
      508.5967745228 
      513.9642507610 
      512.9945726140 
      517.1936462415 
      510.8925008446 
      517.0721548353 
      502.9394925968 
      509.4390293433 
      522.9476672245 
      505.7299002328 
      516.3528344498 
      520.1872263894 
      504.5666288558 
      511.7982311995 
      518.3666364344 
      509.2313004774 
      506.2535582211 
      517.0110298680 
      503.4580888719 
      509.5625247775 
      509.3939642328 
      516.9161668460 
      502.2828279524 
      517.5536252662 
      511.5901505216 
      517.6933229373 
      502.3880638238 
      513.2525097980 
      496.7462769937 
      503.8280578695 
      518.5148227303 
      504.5027248282 
      503.5631716051 
      517.5805675438 
      520.6883601954 
      494.9766264710 
      517.7729345911 
      514.4683593784 
      493.4525246422 
      518.2884397896 
      522.1441518878 
      509.9724956368 
      522.1917647418 
      509.2770659211 
      502.2410656763 
      507.3358744415 
      503.0169303724 
      518.2868504085 
      506.6674001031 
      521.7624358345 
      510.4288789833 
      511.5762593823 
      497.1170013188 
      513.7481253413 
      520.6522788594 
      520.9459401659 
      506.2880875985 
      498.6199816846 
      504.4058974706 
      502.2470535199 
      509.3281430054 
      515.6585647273 
      521.9883529372 
      511.4320942225 
      517.0788534174 
      503.4223137672 
      510.4629181104 
      505.2123332307 
      504.9558960016 
      509.3672485457 
      506.8631070354 
      500.0192841152 
      504.6283270748 
      513.4477649989 
      498.2369290778 
      517.4240559216 
      502.6649627998 
      518.9066953961 
      516.7310177217 
      512.2734787035 
      506.3865425346 
      493.5441460479 
      516.8457066549 
      511.6887276707 
      505.6423107976 
      511.9244845540 
      517.9105526944 
      502.9062530479 
      517.4220267082 
      516.0909846848 
      508.2552827500 
      501.0755470875 
      507.7315015780 
      496.4326847476 
      514.9595778245 
      508.9864214782 
      521.7998281299 
      505.0006471984 
      513.6440585844 
      513.3427763408 
      516.0957345199 
      515.6464912416 
      505.6777198395 
      505.5073599445 
      514.9856429580 
      507.3660355992 
      514.0934430398 
      508.5406347431 
      515.0322954425 
      510.8605043529 
      499.4375724121 
      515.0973084069 
      514.0080696241 
      508.2465125745 
      513.4616287747 
      511.6895883878 
      499.4734476991 
      500.9003093195 
      500.6106853213 
      524.7987510105 
      512.5804243537 
      517.2643333215 
      526.7064178070 
      504.2056269074 
      515.8751504296 
      513.7077823153 
      514.7634392861 
      510.2965160506 
      508.7865433814 
      517.4608557295 
      517.2982742171 
      504.5231271155 
      519.4444428355 
      501.1677152860 
      519.1297030623 
      522.7547396597 
      500.0099371489 
      510.7792736611 
      513.4640038459 
      495.4144536999 
      522.4796803699 
      499.7569518389 
      503.5712037592 
      509.7666281516 
      523.7193948909 
      516.8941943689 
      508.0814063665 
      514.4838510934 
      506.8971802043 
      521.2455165821 
      505.7510427960 
      503.7584201320 
      519.3186746153 
      521.8508768285 
      496.3658873299 
      515.4572594266 
      504.1763059321 
      498.8010162254 
      513.0599968505 
      499.5796846814 
      512.3653591990 
      502.2140519721 
      509.8699152772 
      516.7591722423 
      516.8813770611 
      514.7190471100 
      508.3302629740 
      517.0192271060 
      499.6640143180 
      505.8526077823 
      520.3657953922 
      512.0922400172 
      508.9968572964 
      511.6100725784 
      514.2022420820 
      509.8629251236 
      510.3675027932 
      502.1269517372 
      509.6633030610 
      512.3915045543 
      511.4820101665 
      515.7656539750 
      509.7671864347 
      505.9639060129 
      502.5757027294 
      499.1485751201 
      505.1671491417 
      524.5149951583 
      507.4467002455 
      511.5375563716 
      513.8217086120 
      504.2651020344 
      526.5251402062 
      506.3366543544 
      511.9773137292 
      514.8455751254 
      518.9905504322 
      503.2759332937 
      515.1483348441 
      495.4474461575 
      512.0543571883 
      505.2178955945 
      520.1783020776 
      513.3259462463 
      517.8244596749 
      509.2040162589 
      505.7024743369 
      507.9376907889 
      499.1363980313 
      520.8634882369 
      501.6983460238 
      516.3260699792 
      501.2877989665 
      497.7604994612 
      503.9656265131 
      507.6596379538 
      501.7210000606 
      516.1427709551 
      512.3358345155 
      508.1907453346 
      504.9770562862 
      493.1089317508 
      521.2918544174 
      496.3586368560 
      521.8031864515 
      511.9917759198 
      504.0609552737 
      502.8691280206 
      514.5216187793 
      508.0877017169 
      511.9786617312 
      522.3481041257 
      520.4506479555 
      515.5335007259 
      514.5298845321 
      514.2168386111 
      517.0111663052 
      523.9703288847 
      499.2948310226 
      512.5006365722 
      507.8601230038 
      506.4072220247 
      498.6811506852 
      519.9055942915 
      513.5596627493 
      531.7165438595 
      509.4151466074 
      502.5131374823 
      501.2145574905 
      516.9378164355 
      491.2969526018 
      515.4197527289 
      516.1917749238 
      501.1211748547 
      503.7174171274 
      503.6012751711 
      513.0180639819 
      512.3171639196 
      514.5513346733 
      508.4055159355 
      521.6209946714 
      506.5665027031 
      510.1988122916 
      511.0087922789 
      504.8446755916 
      510.8252878167 
      513.2246936145 
      513.9574406247 
      520.1239988111 
      524.8079887598 
      508.6875400554 
      500.4772893971 
      501.9374909263 
      507.4843799730 
      498.7663370835 
      503.4308601627 
      512.9524263410 
      516.5402755371 
      526.1174713807 
      523.2667084804 
      509.8954988488 
      510.6742863186 
      512.4400860007 
      506.8180665966 
      503.7686959596 
      514.2316167162 
      508.4727236522 
      503.8647063418 
      503.7117065918 
      511.4042502245 
      510.1168593680 
      503.9648513895 
      510.2816792096 
      508.2872022250 
      513.9019817620 
      512.5943685649 
      515.0251778256 
      504.2115623542 
      502.6305597797 
      512.5701232988 
      510.9048683590 
      508.2673247270 
      511.9579312874 
      509.3457075170 
      501.9794600499 
      500.5497792568 
      511.7687228554 
      498.3664136500 
      519.4362102809 
      526.9215747419 
      509.1656990145 
      520.2383264971 
      504.0021460907 
      498.8503738262 
      519.6290919996 
      511.5431136992 
      508.4916786028 
      524.8740589488 
      501.8735454530 
      516.2220354708 
      508.5013700323 
      511.9229554890 
      511.4916720153 
      503.1306914984 
      515.8300135715 
      501.7456322758 
      523.0922512967 
      499.8355066168 
      512.1329590858 
      507.7075676050 
      520.7509719119 
      504.3809810222 
      498.4929799564 
      515.2172308584 
      505.9302897288 
      517.5957949274 
      516.6159035503 
      501.2380705532 
      503.0764625186 
      504.5807733125 
      505.6711494469 
      507.9137458274 
      498.5342139073 
      515.4305582214 
      481.9949340270 
      524.2531141017 
      520.3609577687 
      524.0089185369 
      505.6171998526 
      488.1564676870 
      523.3482749264 
      491.5049132897 
      509.6162574802 
      511.6608561863 
      511.9774943504 
      520.3759002131 
      511.1531908981 
      497.2073092162 
      507.7828576604 
      507.2180227574 
      510.8392941068 
      506.0286433257 
      505.6193113196 
      510.5931115079 
      506.3465443773 
      497.4892424908 
      513.4307765888 
      522.9110762046 
      507.0249539733 
      520.0256664908 
      506.2895875460 
      509.5029434613 
      529.8800211856 
      505.4748553439 
      520.6102687770 
      515.2669554447 
      514.3320840037 
      496.5048770616 
      512.1427965283 
      498.1751367823 
      514.0200358976 
      529.5210341140 
      507.2681461903 
      516.7500414025 
      521.8593463747 
      512.2545040489 
      512.9364949552 
      511.0879502837 
      522.8295608148 
      511.6073516340 
      504.9236285444 
      504.9710488412 
      511.5092927810 
      496.1321474446 
      498.2424691589 
      499.4716299410 
      519.6607982168 
      508.9922821325 
      505.4417316142 
      504.5112215654 
      507.3956355081 
      505.5769255340 
      512.1885773595 
      516.0405763031 
      493.6613998651 
      517.3008523296 
      513.6019969914 
      507.5518357216 
      516.4402465986 
      513.5779324840 
      511.8866798991 
      518.6774686369 
      511.3731852299 
      510.6424897633 
      508.1310725882 
      523.9493676902 
      508.5241147420 
      510.8250897037 
      505.6243430774 
      510.3020857663 
      502.6171586299 
      495.8387812843 
      492.2114026914 
      512.9493009422 
      509.2746686221 
      505.7136265602 
      519.0244567570 
      515.5845929751 
      511.2970137043 
      500.3205196725 
      513.3368977906 
      504.7716325317 
      522.8323311882 
      512.9153314791 
      508.2475254294 
      519.9043900725 
      513.4159953111 
      508.3423587050 
      526.0660038575 
      495.8451482635 
      507.6728901829 
      516.4321638794 
      514.7928113503 
      524.4334814172 
      507.5965096264 
      515.2178043670 
      520.1668361258 
      500.6603616809 
      510.8413684251 
      520.4356665489 
      510.3025813394 
      512.6460348586 
      518.1429014201 
      513.3103568901 
      525.1838210502 
      503.0514567419 
      508.7797288777 
      500.6623985066 
      505.7936917904 
      520.1082236154 
      500.9594465043 
      504.9923152095 
      514.0782373150 
      514.4389233042 
      522.4853090719 
      503.1147642776 
      512.3047470037 
      510.2793175183 
      498.8199214814 
      519.7797223235 
      512.7924257033 
      515.5899299959 
      526.5296972319 
      519.4471027468 
      528.4280221273 
      502.0566656366 
      505.6344111543 
      523.4413321882 
      510.8113592945 
      512.0207841924 
      505.4502633760 
      506.7407638233 
      506.0273769944 
      504.1375658380 
      519.7229831578 
      510.7831687388 
      516.9151813187 
      499.4733129437 
      503.2104881322 
      502.2399285222 
      494.1035303464 
      509.1714999584 
      510.6418101798 
      518.4149706160 
      506.4964213473 
      511.3003853622 
      523.5325120748 
      513.0050813041 
      508.9954596543 
      508.3334422303 
      504.7068564804 
      513.4937271604 
      513.9904561262 
      513.3895024030 
      503.2278163668 
      516.0737497004 
      498.3394345545 
      521.1353322923 
      517.3259933547 
      513.7034820071 
      506.1119612827 
      509.8087798412 
      508.8610063057 
      511.9033741945 
      513.0629984699 
      506.5506879005 
      506.9502043548 
      508.8004639385 
      512.5570602557 
      508.2474536518 
      499.7779128167 
      501.5965817136 
      512.4780427916 
      524.4357781787 
      507.3858419332 
      504.5811153195 
      498.8450402358 
      505.9562154576 
      508.9152871373 
      519.1346004906 
      515.6800207701 
      512.2994307347 
      501.8869874837 
      510.4451635972 
      516.0679992792 
      507.6597919306 
      508.2863947999 
      493.3097026778 
      520.3384508609 
      518.6870354399 
      497.4127172090 
      524.7311271535 
      516.2888172105 
      500.6785525081 
      498.0394088909 
      506.8533094100 
      510.0606916586 
      513.5271733643 
      515.9418619393 
      513.0772538981 
      509.0621208507 
      525.2080068358 
      516.1607718619 
      515.7464841497 
      506.0221071321 
      503.3402128813 
      506.8669052430 
      502.2415202356 
      511.9025071360 
      534.0480350312 
      508.5472795163 
      503.9786346518 
      496.1017200390 
      509.4658429588 
      512.5484084352 
      524.7667714495 
      498.2458313376 
      495.8936022128 
      505.6580887936 
      515.7665129079 
      518.6227305499 
      517.8253057168 
      492.6269097941 
      498.8870518011 
      514.5275490768 
      508.7546503397 
      520.1397689349 
      527.0562947830 
      505.6391750947 
      513.2057284026 
      511.3113387251 
      523.1403265067 
      514.0220634610 
      501.7223632787 
      513.5473290217 
      497.1905254701 
      514.8285939126 
      519.4074690680 
      524.1499735221 
      518.3838275626 
      517.4532188093 
      518.2224917573 
      506.2792590117 
      507.1535237020 
      501.0492793133 
      499.3761335650 
      499.6944873144 
      507.3282048497 
      505.3543547740 
      517.3079920663 
      512.1258823320 
      518.9064501520 
      516.3414416459 
      514.3578864713 
      502.3643852674 
      519.1443829643 
      508.3278216787 
      513.5498235616 
      500.9108290843 
      501.7050178310 
      504.8733775739 
      510.4781625810 
      521.0506011704 
      507.2964679323 
      501.0852947786 
      495.2076429573 
      517.6129570461 
      504.5656379224 
      512.5740819289 
      527.3434166195 
      510.1588787237 
      509.9626197352 
      514.7480046981 
      501.2201760371 
      501.3217286778 
      505.8429630355 
      503.9557034073 
      513.8461608037 
      500.7699367752 
      509.4352005962 
      514.0188254354 
      508.1436735717 
      489.8847859644 
      513.9858907054 
      510.0250274302 
      508.6556619304 
      523.5417608822 
      507.6189596844 
      508.6460037687 
      506.5300973322 
      514.7803924614 
      516.5659487576 
      509.9775424393 
      503.3074604741 
      508.3732175807 
      510.4911668600 
      510.0802307513 
      506.5180768609 
      512.6035160745 
      512.0260356081 
      513.3659761511 
      509.9757636494 
      513.9842019614 
      502.0179775344 
      508.2231260420 
      513.0876133695 
      514.6351085410 
      511.3075757955 
      518.9878447683 
      504.9286363105 
      518.0774500957 
      511.6260180219 
      509.7140518533 
      506.6004508362 
      509.9321747347 
      509.8610577953 
      505.6053533379 
      502.4517805067 
      502.1204026333 
      511.5870316433 
      512.4326479850 
      509.7083325880 
      511.7728880821 
      514.0550122950 
      515.3805520741 
      507.2886559126 
      518.3731026179 
      510.1101371966 
      509.8122734676 
      501.3526771956 
      516.0229353001 
      516.4316351658 
      503.2912769871 
      510.7632007180 
      511.9576507798 
      495.3382073068 
      498.7250153807 
      520.5470827055 
      508.3414809973 
      518.5163775033 
      508.5405409100 
      515.5667563042 
      515.3023142979 
      511.0402925584 
      503.6713925547 
      517.8163028390 
      511.7719775128 
      521.1013119644 
      511.3460331277 
      511.2794075485 
      504.9887661712 
      514.6365416610 
      511.3134704359 
      514.4966078116 
      506.5730488624 
      509.1260420816 
      523.4169921815 
      515.2401802101 
      503.1291653558 
      502.9924387665 
      516.5796354092 
      522.8911353620 
      503.9268194506 
      520.5997377759 
      514.7003993879 
      513.7202068466 
      508.2284539226 
      521.2220581157 
      516.1756901232 
      525.2640151137 
      498.3482119462 
      506.7068838327 
      523.5399571502 
      499.3681322228 
      509.7658413735 
      512.6337251532 
      516.8797976609 
      502.8601495248 
      516.8316041381 
      495.8887411872 
      514.3025847755 
      504.3104729474 
      502.4444750175 
      512.5437397620 
      502.2504299972 
      506.6809476011 
      504.3633848501 
      494.0382312370 
      501.8066774764 
      499.3335339649 
      505.3899054016 
      513.6936447254 
      512.3968656249 
      514.9286140377 
      503.4366389624 
      509.9951286150 
      513.2437303682 
      511.1507852058 
      519.3529892090 
      503.7127635378 
      507.6121005383 
      501.1978202749 
      514.7373453856 
      508.1704426866 
      506.5601151128 
      514.8832101816 
      502.6059170461 
      502.4866893031 
      517.0083847626 
      514.5273241840 
      523.8912920427 
      515.9812442205 
      519.2200762852 
      514.6092512532 
      497.9255705360 
      504.2059168454 
      521.9678376851 
      505.6270817548 
      519.3417608985 
      517.2039390695 
      513.0233365530 
      519.4843098245 
      516.6631741726 
      501.2556652844 
      510.9453003187 
      495.7316657135 
      509.6796189180 
      494.2340356017 
      503.0092682106 
      505.8223663607 
      503.5753442097 
      504.9404433293 
      502.7232673358 
      505.8028799550 
      511.3503724608 
      517.3811353948 
      515.6375147730 
      502.3044812723 
      522.9806749398 
      502.4161040439 
      514.8292396071 
      509.0293462820 
      528.0781953538 
      522.6276911189 
      508.0381905710 
      499.8298038614 
      520.7775352987 
      517.0055195946 
      521.6203474203 
      500.4249169120 
      518.1114422357 
      514.3974196941 
      516.2611571809 
      511.3589340338 
      515.8451271790 
      505.4116476528 
      512.2638513421 
      496.4112729604 
      505.8514257070 
      503.8088178779 
      501.1209562698 
      502.7094577393 
      509.0325212222 
      513.8215291890 
      504.3088016720 
      499.9464591913 
      511.9021814489 
      502.2163772009 
      501.5144990416 
      517.3296766122 
      511.6789563565 
      519.1401270785 
      511.0758042740 
      509.5373547567 
      510.4290180764 
      503.0412991043 
      513.4146079455 
      503.5169301960 
      507.5900344502 
      491.2349278820 
      509.7278862223 
      507.2101837062 
      508.3447729778 
      518.0664903815 
      521.5315687100 
      507.2113996171 
      513.5821818873 
      502.1101079987 
      506.4804603832 
      503.3829070384 
      507.1921466284 
      504.0261505003 
      516.0476689415 
      510.2046361759 
      504.5838187213 
      518.1653928873 
      507.8972792498 
      506.5406844687 
      522.9669860988 
      511.5525418190 
      509.7853266344 
      504.0630650590 
      516.7113494485 
      504.5255612643 
      513.9804677704 
      511.7478481335 
      515.6738230839 
      505.9409533197 
      510.7559495511 
      514.9402066302 
      505.2430081590 
      499.0374698304 
      519.0231004527 
      503.2745958373 
      532.6769183918 
      523.2906517883 
      503.1415768583 
      524.0453940558 
      508.5664904295 
      512.1985615333 
      507.2951691053 
      514.6455053220 
      505.4960587588 
      512.6647350509 
      533.9717594956 
      522.5074384798 
      523.1328231750 
      510.3221847892 
      511.9568028908 
      506.6235223309 
      519.4452352640 
      509.2069002380 
      521.4156130845 
      514.7122063474 
      515.2024127993 
      500.5539630473 
      499.7915268051 
      518.8769332352 
      504.7522796339 
      502.0902082601 
      524.6350953304 
      509.8854316875 
      515.0418030731 
      501.6021195466 
      510.4118834324 
      504.0043705834 
      519.9251942460 
      507.6190975081 
      509.0159066607 
      518.7253672157 
      489.0737915283 
      520.0225776359 
      521.4792989275 
      501.1010377755 
      519.2551792816 
      523.6980769665 
      514.3379895728 
      509.9592477446 
      509.1730634422 
      502.9610152830 
      516.4073479535 
      509.6300212641 
      536.2998232047 
      507.0109840017 
      509.0680276038 
      525.9325613554 
      507.5331753727 
      509.0319833226 
      498.4389890781 
      514.2999975746 
      505.3118944203 
      521.3669111784 
      500.8846349505 
      515.7120087670 
      501.6039785979 
      507.0215952857 
      529.0708364684 
      499.3217163331 
      507.5873217921 
      512.8611406381 
      517.9141975855 
      505.6687125828 
      504.7168180961 
      511.0832495137 
      518.1645809119 
      514.4193456463 
      518.7766174800 
      500.6234963101 
      513.9155924142 
      504.4894623563 
      512.5793298870 
      505.0911272287 
      507.3218602166 
      513.4976750881 
      517.0992583143 
      513.1045873272 
      509.9284435206 
      508.1687549220 
      510.6302815392 
      504.4008942590 
      505.8852341012 
      501.7323638868 
      512.4591735048 
      515.5374867257 
      498.5100562260 
      508.2321127278 
      504.2723680052 
      509.7890962240 
      507.1685854674 
      518.6096446031 
      510.2600222167 
      524.3239347860 
      513.2155177034 
      512.3101010419 
      519.1229467088 
      523.8856452425 
      511.0084703043 
      511.8142523758 
      507.7922957332 
      518.5347920289 
      512.5211714505 
      509.7379931602 
      513.2098078347 
      512.6821875733 
      506.8572573836 
      516.1620280333 
      522.2705101722 
      514.4492367091 
      492.8149725456 
      504.3634867360 
      512.4239654042 
      507.7214482657 
      522.6894532083 
      506.5573891157 
      519.4787406654 
      511.6584310853 
      507.2261010347 
      510.1385593212 
      511.2933292986 
      509.3119008289 
      510.7115327415 
      509.8807153790 
      518.7376172719 
      508.3327955680 
      493.5777215108 
      505.1766766468 
      497.3496248648 
      492.8137608651 
      514.1659593543 
      511.6189332885 
      499.4762847066 
      498.3565010205 
      507.9557912205 
      500.4789157489 
      513.3711016428 
      516.9956918040 
      491.4574118430 
      522.3441291959 
      498.9829855151 
      515.6625290306 
      497.2770827023 
      513.3615429876 
      512.6180409745 
      512.1645179406 
      517.0822565474 
      509.0879575726 
      509.8926949623 
      499.0742578236 
      515.3043626141 
      516.8511503043 
      504.9099458112 
      517.9137320381 
      513.0930592084 
      508.7734642322 
      517.8416135608 
      512.6715662661 
      507.6749686830 
      506.1085715332 
      520.7051061303 
      511.2860519928 
      509.5458256253 
      512.1863889936 
      509.0529868437 
      513.9053823453 
      504.7204890491 
      513.0010758565 
      505.6011718559 
      521.1172285268 
      507.3102718450 
      516.7730194839 
      516.1029046305 
      513.3214209222 
      502.0422541232 
      508.2704060920 
      501.6140488823 
      509.4689927917 
      516.3433237765 
      525.8995060844 
      497.4376756011 
      510.7691674720 
      503.9339771416 
      495.0154633751 
      499.1400986077 
      495.5199593536 
      501.3457320217 
      510.4747045720 
      497.9777353655 
      506.8374065312 
      507.9812650092 
      512.3728117334 
      513.7713701909 
      514.5479588822 
      509.9536027886 
      509.1184858655 
      508.9629778813 
      502.6243552404 
      508.8558801528 
      511.8328470086 
      501.2091409075 
      507.2897197820 
      507.7862114914 
      497.1482147686 
      499.3624235562 
      501.4114954145 
      512.7222780094 
      524.0143710462 
      514.8608166126 
      511.7046518890 
      522.6356097024 
      518.5253339427 
      519.9417454295 
      507.5360335273 
      516.2058510513 
      511.6021082937 
      509.3482344120 
      514.3549732323 
      495.9390657899 
      516.1305536460 
      523.2020123342 
      502.6395216653 
      504.9438693371 
      508.9653199268 
      506.6692332940 
      517.0305451979 
      500.2012301029 
      510.6764407296 
      498.8008522056 
      496.7061766179 
      495.8801272327 
      518.1386514869 
      499.0177056762 
      519.1993185593 
      526.6857185137 
      505.7561830540 
      522.5813773313 
      522.0687478522 
      507.1092914581 
      498.6484609952 
      516.5490079906 
      506.5038119081 
      505.2786068367 
      513.5532185934 
      504.4619908200 
      503.6382740679 
      522.9306294908 
      506.2615416003 
      499.5649471687 
      519.1837325000 
      510.0721945782 
      507.6733317684 
      510.1253251143 
      512.7885198779 
      511.9134355004 
      516.9037124798 
      514.2050421656 
      502.5142755803 
      511.4066349699 
      518.1161280233 
      515.6466273742 
      509.8150734006 
      506.2716284119 
      502.3711434145 
      508.1059922048 
      505.4223068148 
      519.6815179775 
      516.7127199673 
      514.6519406178 
      509.3814657267 
      515.0746569702 
      500.8818358050 
      521.0123162613 
      508.5178470079 
      521.9735287420 
      512.6298839393 
      512.7673533785 
      496.7827425391 
      517.2332626091 
      518.5842925115 
      515.4025122403 
      513.1433422825 
      522.4174677967 
      504.7704274607 
      515.6145376141 
      502.0936816332 
      505.7769043732 
      501.2077145412 
      509.9974941578 
      512.3937532464 
      502.4188773481 
      509.4850337921 
      517.4685484086 
      515.7451955499 
      505.2537151953 
      519.3333884483 
      518.3075049010 
      505.8916741622 
      506.4451577475 
      518.6541137593 
      524.0279534403 
      501.1081351525 
      501.1246500947 
      522.7942900111 
      513.7884413891 
      522.6931833729 
      499.6486937830 
      519.9203566848 
      513.9424199619 
      509.4327346559 
      519.8892557145 
      514.0363569189 
      503.1465066931 
      495.5770096896 
      510.8481238181 
      513.4615600364 
      528.4228209162 
      509.9496252385 
      512.8268414996 
      516.6908686260 
      511.5555710465 
      506.9909225007 
      507.8592429637 
      504.3656533596 
      518.0940564090 
      509.1551337897 
      505.6754098861 
      502.8006806107 
      511.7004039429 
      504.7474270885 
      513.4575730064 
      517.5330425788 
      508.9705226573 
      518.2716290031 
      505.7576930087 
      515.3188583819 
      507.2216473260 
      512.0815945552 
      512.3804056498 
      512.6116040318 
      510.6690289440 
      502.9351250638 
      525.6052153605 
      513.4919125518 
      513.0251504328 
      513.4348313778 
      502.9887441047 
      521.8636838005 
      509.5781652634 
      506.7602024859 
      512.4243189280 
      507.1324306021 
      508.7549557323 
      510.3375106371 
      507.0570236832 
      505.6680703465 
      510.7122300287 
      495.2342725469 
      517.3782788802 
      512.2737491053 
      496.6765639989 
      513.5766116572 
      509.7907333967 
      514.4180056406 
      496.7645022099 
      512.2368345684 
      504.0383287559 
      516.5143020030 
      511.4447735905 
      505.9791973027 
      515.2006920554 
      502.1241982721 
      499.7723733268 
      514.6990816981 
      519.2206039841 
      503.9185645202 
      505.9835380822 
      496.9154512948 
      515.5992474655 
      501.1486440478 
      513.1325200009 
      519.3917152736 
      514.5958864966 
      504.7327024385 
      510.3273550705 
      506.4398078659 
      511.5046191664 
      514.9774775624 
      512.6707287853 
      507.6258121293 
      506.1286428975 
      507.8280716350 
      515.5423327326 
      514.0283620809 
      508.4426470251 
      510.4951994738 
      502.8324713350 
      504.6604745811 
      507.2033497941 
      506.8978841922 
      522.1483893319 
      513.6291718743 
      512.6625075778 
      507.4909005045 
      511.0841899346 
      515.4447332140 
      508.9294142898 
      518.3045521645 
      502.1261580567 
