500 
      129.2536415683 
      129.8290653711 
      129.2207773964 
      128.7366274207 
      133.4975258256 
      122.0150419392 
      126.3434850789 
      130.0375601098 
      127.3618485426 
      125.6226429794 
      126.1980978645 
      122.3492335200 
      132.7630872259 
      127.9139254088 
      126.0620515473 
      126.4170663928 
      129.8061977214 
      121.8873347709 
      128.2012218424 
      122.1573049591 
      128.2524759294 
      122.1957370925 
      124.7905562319 
      128.9044728968 
      125.1072039219 
      126.0583724107 
      131.7407602230 
      124.3286907795 
      126.3215101704 
      126.1929129879 
      122.5432333994 
      119.3543417710 
      117.4106348865 
      126.5423127476 
      131.5410242421 
      127.4058781124 
      131.2787636265 
      127.6972878188 
      126.6903123453 
      126.2428464104 
      129.3537475482 
      127.7022786500 
      126.6288807131 
      128.7288181991 
      127.9273397686 
      128.4035034606 
      132.4376484359 
      124.4404914231 
      125.0772508624 
      123.6732729101 
      129.5709600041 
      124.2235277655 
      123.4380165009 
      127.3887637642 
      125.1042416386 
      126.9146837309 
      128.3257737449 
      129.3903536725 
      126.1364730144 
      127.1679327867 
      126.6269880634 
      131.6600740198 
      121.1214469075 
      124.3518043085 
      124.6002844565 
      120.4772727890 
      128.5004036728 
      123.1355143240 
      123.2434509500 
      128.7953263001 
      123.8150803174 
      139.4121040424 
      131.1449810478 
      129.1674331521 
      126.0188118105 
      129.1177458872 
      120.6663857968 
      123.0244310072 
      123.2056585828 
      124.1774095444 
      136.7324669505 
      132.7839540994 
      121.7311087196 
      128.6485218181 
      123.3004278740 
      124.5042535601 
      130.9663924170 
      125.2125757840 
      136.5782780482 
      121.0493194232 
      129.1530529593 
      124.7547500078 
      128.8676781052 
      133.5537324617 
      128.9306668943 
      134.4430311445 
      118.6157957784 
      130.4706769447 
      124.8439529386 
      125.9073020744 
      128.7433589085 
      126.2232672362 
      128.8801357279 
      125.8031305002 
      120.5109823926 
      123.6670379869 
      126.8379315155 
      118.9682623926 
      129.6965776063 
      126.7902490139 
      125.9646729933 
      129.0011174155 
      128.0439702365 
      126.0738090566 
      119.6637745657 
      129.9304108924 
      125.3316104862 
      128.5294185432 
      122.9297747254 
      133.2052195495 
      127.4752781208 
      130.2555618820 
      120.2877758903 
      127.7433240595 
      119.1408431630 
      126.8645407764 
      127.9854997809 
      129.6407353619 
      122.8032474446 
      130.8111216223 
      129.3727574823 
      120.3387740984 
      127.9132751710 
      125.6544804906 
      126.4002744927 
      130.4325773910 
      118.4641198397 
      130.5511099618 
      126.1752393539 
      126.8516358974 
      120.9814781987 
      127.9020463113 
      128.5512168242 
      125.9058138999 
      121.1455300596 
      123.8663272084 
      127.4921794479 
      126.7240522613 
      138.7858220328 
      134.2407630678 
      131.1806933091 
      122.4944859943 
      130.5155157031 
      118.7715765672 
      128.3322991766 
      126.9779674767 
      123.4926689428 
      130.9098547309 
      128.3493536949 
      121.2986792731 
      125.4435960234 
      120.5626131157 
      126.5288405705 
      126.2434198557 
      125.0230951531 
      125.1213829066 
      120.4876750763 
      125.8937641993 
      122.3619265456 
      126.4366639503 
      130.8571529146 
      134.4701960914 
      126.7182419333 
      121.2140382945 
      125.1824950178 
      130.0331094681 
      133.3649945159 
      124.6428402806 
      128.1075440956 
      125.8774769754 
      124.2287020410 
      129.4136925891 
      133.9954012726 
      126.5131227044 
      125.3206131420 
      123.0788529142 
      122.3841412186 
      129.5176014362 
      126.1102273272 
      122.8127509141 
      130.2881431926 
      128.2226093023 
      122.4260093227 
      130.8182587381 
      128.7008770889 
      127.7607355471 
      132.5988549009 
      127.5574675480 
      125.5009319865 
      129.9653140918 
      128.7030757954 
      128.0987032604 
      121.0091480134 
      124.0478421101 
      128.2561149687 
      122.1154057734 
      129.7739160235 
      128.0858685593 
      122.6230538576 
      128.2084188660 
      126.6017060477 
      127.2162951769 
      120.9168098429 
      126.8419893534 
      121.9960146251 
      125.2695551931 
      128.3055708107 
      128.0388432971 
      126.1236001456 
      133.3743937756 
      126.9590228043 
      129.8825138883 
      123.5193755442 
      131.5558087594 
      130.4260925516 
      124.7717558167 
      124.6934785582 
      127.2721783664 
      123.5019416196 
      118.6790042876 
      128.7675087637 
      124.6559595124 
      124.2481864532 
      125.1057887303 
      127.6447937361 
      124.6719706791 
      128.8424441686 
      124.0450193114 
      125.5389817053 
      124.5623060189 
      123.0016161131 
      126.2685664793 
      120.6240777524 
      131.1282366058 
      128.5241712062 
      132.8259506963 
      127.1994164911 
      128.2335359166 
      131.5490088848 
      126.9234142079 
      125.9544855060 
      132.1649972744 
      125.2846491977 
      125.2249359360 
      123.4304261069 
      126.8720355326 
      124.5626938626 
      125.3916565469 
      125.6786501888 
      124.0791213572 
      121.3788015080 
      120.9315376557 
      126.0174298513 
      112.8819002493 
      127.1517786279 
      123.2032652234 
      125.8369429650 
      125.2204964451 
      131.6448661035 
      122.8789987505 
      124.6463250806 
      128.1755060601 
      124.4512569558 
      128.1873178381 
      122.9745045765 
      122.5964759793 
      125.9839651700 
      125.9184007059 
      129.2796746247 
      129.1583511295 
      124.1175194131 
      126.9455088157 
      129.5363713213 
      127.3025654819 
      126.2845947809 
      130.2393026608 
      126.4854285919 
      128.7243560385 
      124.3200953920 
      131.8166150368 
      125.4957860627 
      132.2177222160 
      127.0993009100 
      126.2233695280 
      128.2333515208 
      128.6666129986 
      120.7030602639 
      125.7169187330 
      127.4061514404 
      129.7560846950 
      124.2955627218 
      128.1763953120 
      126.9931821472 
      128.5369829205 
      131.0636891924 
      126.1158659151 
      119.6177805231 
      127.4980470227 
      135.5278537347 
      122.8604458942 
      132.8049098237 
      122.4275033886 
      127.6667781150 
      126.4687742906 
      127.6014154850 
      123.8413837571 
      128.9548691051 
      126.4992575636 
      123.4341669445 
      123.3069214010 
      121.1845559421 
      130.3334544841 
      132.6245384033 
      124.5692833956 
      129.1236465492 
      131.4819882669 
      119.1573924513 
      129.8641484923 
      132.6842800770 
      123.1096749710 
      117.0646789527 
      124.8823096956 
      122.3377144370 
      126.9865339202 
      122.5679290002 
      127.4732213336 
      132.1131879041 
      119.7772245634 
      128.9812513307 
      127.8262953500 
      122.0014401883 
      124.3526029930 
      124.3604922188 
      123.8636424353 
      128.7363673821 
      121.4833602287 
      127.0396585735 
      127.9687437065 
      125.2822773654 
      119.9129050328 
      122.3653610579 
      128.9047974048 
      118.7414461458 
      129.8444931449 
      117.6447731885 
      123.9909153718 
      122.6232987134 
      124.0228081032 
      127.0166814456 
      125.9326916526 
      133.9501423367 
      131.9870817239 
      123.8852196252 
      130.7745180003 
      121.9262955459 
      130.0893754138 
      120.4781680580 
      132.4068302765 
      128.4187070573 
      126.7890032499 
      123.4171084145 
      125.8298502508 
      122.9882729297 
      124.6294284663 
      127.9692905841 
      128.3321715986 
      121.0730756037 
      133.3398026270 
      133.3709899937 
      137.0447732482 
      122.7103948375 
      121.7247641354 
      122.8702897796 
      128.2586997399 
      124.3172006350 
      128.6761188767 
      125.9123450284 
      129.8889796880 
      130.3787503411 
      134.4219974663 
      125.1664838137 
      123.0181654090 
      126.3008323462 
      131.2600288483 
      127.0727110864 
      131.7020234512 
      120.0187838164 
      122.1432868631 
      117.8241573599 
      131.6453534692 
      122.3121371586 
      125.3985243799 
      122.3436556255 
      121.7807780245 
      122.8288895434 
      122.9677273456 
      125.0112479235 
      126.3826403945 
      120.9676581725 
      128.5217776804 
      131.5533151344 
      124.1943927545 
      123.9674102431 
      123.2051545595 
      123.2958109314 
      129.6904352572 
      124.3417096618 
      123.1950920685 
      123.1660705599 
      123.7595288978 
      120.5521663544 
      123.0519984203 
      128.4750890448 
      124.9334903648 
      127.3518131678 
      127.4453455138 
      130.3018227979 
      125.7360596487 
      123.5816998616 
      120.9062532028 
      117.5101378932 
      132.4804561426 
      119.3090507576 
      131.9857882411 
      120.5320412813 
      121.2896021852 
      127.5503719122 
      122.6285520964 
      131.4427008991 
      131.7286480883 
      122.2430829065 
      124.3741197089 
      123.1108375254 
      127.3843314969 
      128.6099776119 
      125.5695779271 
      121.3002871556 
      124.2982570634 
      126.0710908801 
      127.1540025093 
      123.6324112611 
      126.7690584247 
      118.3784147376 
      120.9361993732 
      122.4044628911 
      119.6723042307 
      128.5004440704 
      119.8356659693 
      127.2139631194 
      121.7185373761 
      128.7590560172 
      130.3977833568 
      128.4050625930 
      122.0636255038 
      127.4429928141 
      128.3439042596 
      129.7997636572 
      127.6117986713 
      130.9988899332 
      123.0520836058 
      124.2872966221 
      130.8203862788 
      126.8995365698 
      124.4493045626 
      133.2648535144 
      126.7605793497 
      128.1776441618 
      129.2091943909 
      125.8156247755 
      124.1175389856 
      129.7309149208 
      120.7079946510 
      116.9652811045 
      127.0192368353 
      123.0397444033 
      128.2050849217 
      135.1532772028 
      128.7311010081 
      126.9105389694 
      126.3182312396 
      127.8543402192 
      122.3657483409 
      126.2347822858 
      130.1917150441 
      121.5279016048 
      129.6753073988 
      127.2855599607 
      123.8493992287 
      132.9092980993 
      126.9180428299 
