500
7697.52
7771.45
7695.2
7561.56
4471.84
6711.44
7118.63
3906.01
7305.58
6991.61
7079.47
6771.97
4748.02
7406.72
7067.68
7130.82
7763.2
6202.52
7499.84
6725.65
7509.88
6732.46
6837.34
7593.05
6881.84
7066.63
4049.81
6758.34
7118.28
7078.91
6806.48
1116.48
868.913
7155.37
4017.27
7313.85
4014.34
7367.83
7182.11
7138.51
7677.63
7369.13
7174.65
7563.95
7414.33
7499.21
4693.28
6774.6
6888.95
6637.99
7718.67
6776.84
6596.28
7310.68
6881.3
7222.04
7488.55
7684.54
7068.24
7257.21
7174.3
4036.71
6062.18
6758.62
6803.25
6081.4
7517.33
6530.55
6598.88
7572.57
6661.88
5493.53
3940.25
7629.59
7058.16
7618.95
6113.73
6526.99
6592.2
6715.19
5022.93
4751.53
6175.42
7545.05
6571.97
6786.05
4055.56
6950
4995.84
6058.43
7626.88
6830.92
7586.14
4481.23
7597.97
4630.63
1020.78
3975.53
6846.94
7039.14
7562.82
7138.38
7588.47
7020.2
6085.92
6636.84
7209.21
1066.97
7742.44
7200.49
7049.57
7611.07
7432.18
7069.44
1156.4
7786.78
6934.67
7526.61
6879.12
4463.11
7326.72
3980.03
6085.09
7376.33
1077.13
7214.09
7421.3
7731.87
6852.86
4028.99
7681.61
6057.71
7406.64
6993.23
7129.05
3969.79
1002.68
3988.34
7075.34
7211.6
6167.69
7406.17
7526.74
7038.87
6062.79
6672.23
7330.17
7192.1
5382.93
4636.78
3946.01
6797.77
3981.44
1041.7
7486.34
7234.95
6606.32
4046.4
7489.1
6137.55
6955.04
6096.32
7156.32
7138.23
6882.91
6887.98
6083.14
7036.68
6774.07
7135.66
4037.87
4635.2
7186.01
6121.8
6895.74
3905.29
4449.72
6811.21
7431.2
7033.72
6777.76
7687.65
4555.23
7148.38
6936.57
6532.88
6778.13
7707.28
7062.24
6853.66
3985.26
7508.15
6789.26
4030.32
7554.85
7379.55
4720.37
7341.88
6965.42
7793.41
7555.27
7442.37
6051.55
6704.52
7510.17
6717.01
7757.09
7439.98
6824.35
7501.27
7165.75
7315.78
6155.49
7209.82
6221.31
6961.17
7480.93
7431.23
7069.68
4451.29
7231.47
7778.08
6609.44
4019.79
3972.27
6833.84
6819.92
7327.71
6607.47
1030.02
7567.35
6813.19
6777.5
6881.54
7358.06
6815.94
7581.79
6704.01
6972.31
6796.78
6519.16
7142.83
6110.1
3941.52
7525.61
4762.6
7263.01
7505.96
4018.69
7228.72
7047.72
4634.37
6963.9
6956.86
6594.94
7215.85
6796.85
6945.53
6997.62
6710.08
6114.92
6159.11
7057.92
663.847
7254.11
6591.81
7026.35
6956.06
4034.24
6866.36
6811.47
7443.86
6776.44
7446.06
6883.44
6815.93
7053.08
7039.9
7702.44
7627.88
6703.28
7228.98
7712.13
7295.15
7145.76
3977.42
7144.59
7563.12
6756.81
4060.82
6964.49
4694.75
7257.28
7138.36
7505.93
7548.43
6120.01
7003.3
7313.88
7753.72
6785.99
7444.02
7237.73
7524.17
3940.26
7063.23
1149.26
7330.89
4819.08
6863.04
4755.07
6789.52
7362.13
7141.54
7349.89
6667.67
7602.52
7147.15
6595.59
6573.12
6069.47
3953.46
4728.67
6797.69
7625.22
4007.7
1079.26
7774.19
4734.78
6526
827.024
6854.2
6769.89
7236.52
6810.85
7326.34
4624.37
1171.13
7607.39
7395.59
6710.13
6759.26
6760.3
6671.75
7561.51
6132.89
7246.3
7418.19
6963.89
1187.85
6774.8
7593.11
1037.85
7770.48
899.368
6694.38
6824.43
6704.15
7240.8
7044.13
4547.61
4089.89
6675.62
4024.52
6212.95
3914.31
6081.51
4688.11
7500.77
7200.22
6591.34
7028.84
6885.94
6812.18
7418.33
7486.27
6062.5
4445.52
4450.72
5076.79
6835.02
6178.11
6864.84
7510.66
6751.36
7550.2
7039.17
7778.92
3960.74
4630.97
6892.48
6520.95
7110.84
4011.31
7252.76
4043.92
6001.99
6723.2
925.398
4034.32
6764.48
6946.9
6770.95
6184.12
6861.09
6882.23
6875.69
7126.17
6165.44
7525.05
4019.39
6718.22
6690.2
6592.1
6608.14
7741.28
6756.82
6541.06
6535.94
6653.26
6094.52
6528.03
7512.59
6863.03
7303.73
7321.14
3948.26
7008.03
6621.59
6154.92
881.33
4700.47
1110.65
4089.68
6091.09
6135.99
7340.57
6825.33
4001.87
4051.8
6789.76
6762.72
6524.98
7309.86
7537.83
6977.85
6101.48
6786.51
7068.82
7254.65
6631.07
7196.56
991.822
6160.02
6781.75
1157.87
7517.33
1178.66
7315.31
6172.17
7565.76
3963.8
7499.51
6721.27
7321.09
7488.08
7762
7350.54
4060.82
6528.54
6784.54
4035.86
7220.52
6776.18
4473.02
7195
7444.26
7689.12
7021.22
6703.28
7748.94
6120.86
814.731
7241.31
6526
7500.65
4737.61
7560.38
7221.28
7112.79
7396.93
6774.87
7136.66
3917.56
6144.2
7738.41
7329.81
6669.22
4772.72
7222.66
